0.11413 0.10097 0.045076 0.021706 0.031668 0.044289 0.054946 0.063226 0.068888 0.072213 0.074021 0.074718 0.074544 0.073745 0.07255 0.071106 0.069454 0.067575 0.065384 0.062765 0.059638 0.055915 0.051593 0.046719 0.041449 0.036085 0.031115 0.027294 0.025505 0.026249 0.029154 0.033298 0.037834 0.042183 0.045998 0.04911 0.051483 0.053214 0.054486 0.055464 0.056234 0.056846 0.057324 0.057683 0.057935 0.05808 0.058123 0.058062 0.057896
0.073372 0.059194 0.060619 0.048223 0.041266 0.040309 0.041397 0.042874 0.044594 0.046857 0.049968 0.053813 0.058138 0.062707 0.067318 0.071795 0.075981 0.079781 0.083132 0.085992 0.088376 0.09026 0.091676 0.092623 0.093128 0.093244 0.09301 0.092513 0.091818 0.090992 0.090091 0.089123 0.08808 0.086921 0.085596 0.084082 0.082406 0.080679 0.079076 0.0777 0.076553 0.075595 0.07478 0.07407 0.073431 0.072833 0.072254 0.071674 0.071076
0.05225 0.038004 0.066805 0.07581 0.073424 0.075642 0.078854 0.08004 0.078741 0.075826 0.072571 0.06962 0.067343 0.065999 0.065725 0.066542 0.068369 0.071092 0.074565 0.07862 0.083126 0.087899 0.092795 0.097622 0.10219 0.10634 0.10987 0.11264 0.11455 0.11553 0.11557 0.11469 0.11297 0.11052 0.10744 0.1039 0.10012 0.096358 0.092904 0.089919 0.087412 0.085331 0.083606 0.082174 0.080977 0.07996 0.079083 0.078309 0.077604
0.078696 0.074432 0.049791 0.048599 0.04794 0.050335 0.051548 0.050291 0.04721 0.043532 0.040296 0.037925 0.036632 0.036536 0.037632 0.039819 0.042965 0.046971 0.051744 0.057177 0.063154 0.069482 0.075969 0.082363 0.088419 0.09391 0.098607 0.10236 0.10506 0.10665 0.10714 0.10662 0.10517 0.10296 0.10013 0.096872 0.093405 0.089992 0.08691 0.084307 0.082187 0.080497 0.079169 0.078138 0.07735 0.076752 0.076308 0.075985 0.075754
0.012464 0.0081455 0.023421 0.039302 0.04623 0.043628 0.037142 0.031236 0.027082 0.024771 0.024396 0.025904 0.028969 0.033052 0.037635 0.042354 0.046999 0.051493 0.055816 0.059954 0.063907 0.067608 0.070997 0.073969 0.076426 0.078295 0.079504 0.080053 0.079966 0.07932 0.07823 0.076821 0.07522 0.073532 0.071826 0.070158 0.068578 0.067171 0.066052 0.065269 0.064792 0.064563 0.064529 0.064652 0.064907 0.065274 0.065747 0.066318 0.066981
0.10343 0.086946 0.063848 0.048575 0.05651 0.067656 0.076245 0.081349 0.08279 0.081552 0.079236 0.07671 0.07441 0.072572 0.071271 0.07044 0.069915 0.069522 0.069093 0.068482 0.06761 0.06638 0.064747 0.062654 0.060076 0.057028 0.053552 0.049782 0.04591 0.042216 0.039043 0.036723 0.035484 0.035333 0.03605 0.037291 0.03873 0.040162 0.041519 0.042796 0.043995 0.045131 0.046235 0.047347 0.048513 0.049776 0.051173 0.052727 0.054446
0.070611 0.032531 0.034658 0.07365 0.091772 0.10029 0.10505 0.10779 0.10835 0.10718 0.10526 0.10283 0.099885 0.096533 0.092942 0.089278 0.085642 0.082096 0.078623 0.075139 0.07156 0.067747 0.0636 0.059012 0.053916 0.048289 0.042134 0.03552 0.028549 0.021372 0.014176 0.0071658 0.00065449 0.0054739 0.010754 0.015192 0.018762 0.021531 0.023647 0.025287 0.026616 0.027795 0.028976 0.030299 0.031882 0.033804 0.036102 0.038771 0.041767
0.13979 0.16668 0.11792 0.074588 0.070391 0.073226 0.077146 0.081266 0.084758 0.087211 0.088754 0.089318 0.089004 0.08813 0.087038 0.085936 0.084853 0.083725 0.08242 0.080787 0.078735 0.076151 0.072993 0.069214 0.064811 0.059829 0.05433 0.048454 0.042371 0.03631 0.030542 0.025365 0.02108 0.017911 0.015889 0.014776 0.014165 0.013706 0.013226 0.012731 0.012379 0.012448 0.01325 0.01497 0.01759 0.020957 0.024889 0.029223 0.033817
0.050409 0.026939 0.029194 0.037705 0.044892 0.052494 0.056583 0.056565 0.053829 0.05055 0.048713 0.049148 0.051748 0.055868 0.060722 0.06564 0.070129 0.073897 0.076782 0.078699 0.079641 0.079577 0.078521 0.076466 0.073435 0.069491 0.064708 0.059237 0.053245 0.046947 0.040578 0.034373 0.028547 0.02327 0.018638 0.014666 0.011287 0.008389 0.0059125 0.0041233 0.0041117 0.006211 0.0093894 0.013146 0.017312 0.021794 0.026516 0.031406 0.036392
0.07604 0.061161 0.039414 0.055494 0.067405 0.068063 0.065223 0.061928 0.058486 0.055539 0.054055 0.054292 0.055974 0.058631 0.061857 0.065376 0.068991 0.072561 0.075926 0.078896 0.081305 0.082941 0.083658 0.083317 0.081842 0.079232 0.075522 0.070851 0.065395 0.059395 0.053141 0.046937 0.041098 0.035914 0.031616 0.02835 0.026146 0.02493 0.024574 0.024932 0.025877 0.027329 0.029243 0.031587 0.034333 0.037439 0.040856 0.044522 0.04837
0.026994 0.059147 0.088184 0.081755 0.081978 0.090957 0.1009 0.1068 0.10663 0.10167 0.094767 0.087849 0.082079 0.0781 0.076124 0.076039 0.077521 0.080173 0.083565 0.087269 0.09093 0.094186 0.096773 0.098449 0.099054 0.098517 0.096811 0.09403 0.090313 0.085877 0.080993 0.075941 0.071003 0.066418 0.062356 0.058921 0.056152 0.05407 0.052687 0.051964 0.051814 0.052149 0.052902 0.054025 0.055483 0.057245 0.059281 0.061554 0.064022
0.039014 0.034519 0.068235 0.075567 0.07213 0.067891 0.063512 0.05817 0.052747 0.048838 0.047989 0.050563 0.055764 0.062391 0.069523 0.076659 0.083583 0.090251 0.096655 0.10275 0.1085 0.11375 0.11839 0.12221 0.12507 0.12685 0.12744 0.12685 0.12512 0.12236 0.11875 0.11448 0.10979 0.10489 0.099963 0.095179 0.090702 0.086715 0.083401 0.080828 0.078941 0.077652 0.076874 0.076535 0.076579 0.076958 0.077633 0.078566 0.079718
0.18792 0.1581 0.10792 0.084727 0.084715 0.084789 0.083751 0.082301 0.080093 0.077773 0.076765 0.07774 0.080698 0.085241 0.090862 0.097135 0.10376 0.11057 0.11747 0.12434 0.13112 0.13765 0.14381 0.14938 0.15416 0.15797 0.1606 0.16193 0.16189 0.16047 0.15775 0.15386 0.14899 0.14334 0.13715 0.13068 0.1242 0.11807 0.11261 0.10799 0.1042 0.10114 0.098717 0.096852 0.095468 0.094501 0.093899 0.093615 0.093601
0.18065 0.17926 0.13492 0.123 0.13939 0.1485 0.15266 0.15412 0.15194 0.14659 0.1402 0.13413 0.12926 0.12621 0.12525 0.12638 0.12933 0.13379 0.13942 0.14587 0.1529 0.16019 0.16752 0.17455 0.18099 0.18655 0.1909 0.19383 0.19513 0.19472 0.19258 0.1888 0.18353 0.177 0.16949 0.16135 0.15295 0.14478 0.13731 0.13078 0.12521 0.12052 0.1166 0.11337 0.11073 0.1086 0.10693 0.10565 0.10471
0.11521 0.12973 0.10649 0.095869 0.109 0.11787 0.1215 0.12274 0.12239 0.12125 0.12072 0.12128 0.12295 0.12565 0.12928 0.13376 0.13905 0.14517 0.15211 0.15978 0.1681 0.17682 0.18572 0.19441 0.20253 0.20971 0.21555 0.21975 0.22205 0.22228 0.22041 0.21648 0.21067 0.20322 0.19446 0.1848 0.17472 0.16482 0.15565 0.14755 0.14053 0.13453 0.12943 0.12514 0.12156 0.1186 0.11617 0.11421 0.11263
0.1744 0.13203 0.023593 0.069942 0.082125 0.084234 0.081696 0.079676 0.080414 0.083978 0.089906 0.097266 0.10522 0.11329 0.12131 0.12939 0.1377 0.14649 0.15587 0.16587 0.17641 0.18725 0.19811 0.20861 0.21832 0.22687 0.2338 0.23882 0.24163 0.24207 0.24009 0.23574 0.22922 0.22081 0.21088 0.19992 0.18848 0.17722 0.16678 0.15752 0.14949 0.14261 0.13676 0.13184 0.12773 0.12432 0.12153 0.11924 0.11737
0.13092 0.18246 0.13049 0.091327 0.10483 0.1205 0.12856 0.13047 0.12827 0.12411 0.12024 0.11771 0.11706 0.11861 0.12248 0.12856 0.13662 0.14637 0.15742 0.16938 0.1819 0.19455 0.20699 0.21876 0.22945 0.23869 0.24604 0.25121 0.25393 0.25403 0.2515 0.24642 0.239 0.22958 0.21858 0.20653 0.19405 0.18184 0.17059 0.16065 0.15209 0.14482 0.1387 0.13362 0.12944 0.12603 0.12326 0.12102 0.1192
0.073048 0.025497 0.11328 0.15141 0.1546 0.14989 0.14486 0.1399 0.13356 0.12626 0.11997 0.11594 0.11479 0.11674 0.12164 0.12911 0.13868 0.14987 0.16221 0.17522 0.18857 0.20179 0.21456 0.22644 0.23705 0.24601 0.2529 0.25747 0.25942 0.25864 0.25513 0.24899 0.24049 0.23001 0.21802 0.2051 0.19189 0.17913 0.16751 0.15738 0.14879 0.14163 0.13576 0.13101 0.12722 0.12424 0.12189 0.12005 0.11858
0.15318 0.16358 0.15543 0.12814 0.10891 0.091632 0.080833 0.075708 0.074674 0.077501 0.083939 0.092857 0.10311 0.11398 0.12515 0.13656 0.14821 0.16018 0.17244 0.18487 0.19734 0.20956 0.22126 0.23204 0.2415 0.24928 0.25496 0.25825 0.25889 0.25675 0.25188 0.24441 0.23466 0.22306 0.21013 0.1965 0.18285 0.16991 0.15834 0.14849 0.14036 0.13382 0.1287 0.12477 0.12183 0.11967 0.1181 0.11695 0.11606
0.097472 0.088808 0.11722 0.10148 0.088619 0.091095 0.099744 0.10752 0.11256 0.11619 0.12048 0.12607 0.1328 0.14035 0.14851 0.15716 0.16622 0.17571 0.18559 0.19574 0.20606 0.21624 0.22602 0.23499 0.24271 0.2488 0.25279 0.25439 0.25333 0.24952 0.243 0.23397 0.2228 0.21 0.19615 0.18192 0.16803 0.1552 0.14407 0.13493 0.12775 0.12235 0.11847 0.11583 0.11415 0.11317 0.11265 0.11239 0.11224
0.17526 0.20449 0.23335 0.22277 0.21961 0.21562 0.21093 0.2053 0.19826 0.19056 0.18392 0.17893 0.17584 0.17482 0.17589 0.17885 0.1834 0.18926 0.19613 0.20371 0.21176 0.21988 0.22774 0.23487 0.24081 0.24511 0.2473 0.24706 0.24413 0.23843 0.23006 0.21928 0.20653 0.19239 0.17753 0.1627 0.14867 0.13617 0.12578 0.11776 0.11201 0.10825 0.10611 0.1052 0.10514 0.1056 0.1063 0.10705 0.10769
0.15651 0.14488 0.14005 0.15071 0.17738 0.19526 0.207 0.214 0.21495 0.21071 0.20438 0.19792 0.19254 0.18899 0.18758 0.18826 0.19077 0.19484 0.20013 0.20627 0.21297 0.21979 0.22634 0.2321 0.23659 0.23933 0.23984 0.2378 0.23297 0.22531 0.21496 0.20225 0.1877 0.172 0.15592 0.14032 0.12607 0.11394 0.10453 0.098022 0.094211 0.092641 0.092745 0.093955 0.095779 0.09782 0.0998 0.10153 0.10288
0.096938 0.095557 0.099729 0.12284 0.14642 0.16038 0.172 0.18103 0.18488 0.18422 0.18208 0.18015 0.17912 0.17925 0.18062 0.18324 0.18699 0.19179 0.19746 0.20373 0.21034 0.21686 0.2229 0.22794 0.23147 0.23302 0.23211 0.22845 0.22182 0.2122 0.19981 0.18503 0.16846 0.15089 0.13321 0.11643 0.10158 0.089631 0.081287 0.076713 0.075475 0.076746 0.079594 0.083219 0.087028 0.090621 0.093757 0.096305 0.098208
0.10141 0.12052 0.14218 0.14713 0.14864 0.1447 0.13919 0.13479 0.13301 0.1343 0.1385 0.14434 0.15069 0.15703 0.16332 0.16972 0.17638 0.18342 0.1908 0.19835 0.20586 0.21292 0.21916 0.22406 0.22712 0.22789 0.22591 0.2209 0.21267 0.20126 0.1869 0.17004 0.15132 0.13157 0.11178 0.093107 0.076832 0.064362 0.056926 0.054857 0.057142 0.062041 0.068031 0.074124 0.079761 0.084646 0.088646 0.091724 0.093904
0.054997 0.071775 0.078732 0.055503 0.045848 0.046518 0.054759 0.067375 0.080831 0.093577 0.1056 0.11683 0.1272 0.13689 0.1462 0.15544 0.16474 0.17418 0.18366 0.19296 0.20187 0.20996 0.21685 0.22205 0.22506 0.22544 0.22276 0.21678 0.20732 0.19445 0.17844 0.15974 0.13901 0.11707 0.094882 0.073553 0.054454 0.039614 0.032166 0.033868 0.041349 0.050566 0.0596 0.06772 0.074656 0.080323 0.084733 0.087951 0.090078
0.082999 0.089563 0.11519 0.12269 0.12202 0.1164 0.11008 0.10622 0.10487 0.10546 0.10809 0.11262 0.11884 0.12658 0.13563 0.14571 0.1565 0.1677 0.17898 0.18995 0.20029 0.20955 0.21731 0.22307 0.22634 0.22671 0.22374 0.21721 0.20701 0.1932 0.17609 0.15614 0.13403 0.11054 0.086531 0.062906 0.040519 0.020338 0.0075753 0.01843 0.032418 0.044923 0.05568 0.064698 0.072042 0.077797 0.082073 0.084997 0.086719
0.15794 0.13651 0.13223 0.14479 0.15775 0.15849 0.15367 0.14514 0.13448 0.12478 0.11869 0.11681 0.11885 0.12424 0.13232 0.14242 0.15387 0.16611 0.17859 0.1908 0.20233 0.21263 0.22127 0.22772 0.23147 0.23212 0.22924 0.22263 0.2122 0.19805 0.18051 0.1601 0.13754 0.11366 0.089408 0.065779 0.043881 0.025483 0.016397 0.023155 0.035089 0.046604 0.05667 0.065077 0.071812 0.07693 0.080531 0.082747 0.083735
0.16035 0.1602 0.12546 0.097043 0.1075 0.12056 0.12641 0.12509 0.12017 0.11564 0.11397 0.11544 0.11967 0.12631 0.13503 0.14552 0.15734 0.17005 0.18315 0.19609 0.20841 0.21951 0.22892 0.23607 0.24043 0.24158 0.2391 0.23279 0.22257 0.20859 0.19121 0.17101 0.14877 0.12546 0.10215 0.080124 0.060904 0.046531 0.039449 0.040331 0.046314 0.054028 0.061598 0.0682 0.073499 0.077383 0.079862 0.08102 0.080995
0.10094 0.18287 0.16808 0.11736 0.094798 0.080828 0.075362 0.078401 0.086549 0.096212 0.10589 0.11517 0.12423 0.13351 0.14349 0.15445 0.1664 0.17916 0.19239 0.20561 0.21834 0.22999 0.24001 0.24781 0.25283 0.25462 0.25274 0.24699 0.23729 0.2238 0.20693 0.18729 0.16572 0.14324 0.12101 0.10034 0.082627 0.069298 0.061403 0.058928 0.060543 0.064382 0.068903 0.073121 0.076494 0.078747 0.079787 0.079629 0.078375
0.17064 0.15767 0.069149 0.045392 0.056236 0.070062 0.082356 0.092243 0.10115 0.11009 0.11944 0.12885 0.13815 0.14756 0.15749 0.16824 0.17989 0.19239 0.20545 0.21865 0.23155 0.24352 0.25403 0.26241 0.26809 0.27058 0.2694 0.26434 0.25531 0.24247 0.22623 0.20721 0.18627 0.16444 0.14286 0.12276 0.10531 0.091579 0.082178 0.077017 0.075276 0.075763 0.077309 0.079007 0.080248 0.080665 0.080076 0.078433 0.075793
0.12427 0.045578 0.10069 0.15526 0.16953 0.16702 0.16145 0.15647 0.15237 0.1501 0.1508 0.1542 0.15967 0.16679 0.17536 0.18526 0.19634 0.20841 0.2212 0.23427 0.24722 0.25942 0.27032 0.27925 0.28557 0.28876 0.28831 0.28398 0.27566 0.26347 0.24782 0.22933 0.20883 0.18732 0.1659 0.14568 0.12774 0.11293 0.10178 0.094217 0.08966 0.087243 0.086054 0.085301 0.084384 0.082892 0.080588 0.077368 0.073245
0.12295 0.16025 0.21886 0.21206 0.20821 0.20291 0.19789 0.19332 0.18818 0.18305 0.17993 0.17961 0.18213 0.18722 0.19452 0.20363 0.2142 0.22593 0.23851 0.2515 0.26452 0.27695 0.28824 0.29768 0.30462 0.30851 0.30878 0.30517 0.29752 0.28593 0.27078 0.25264 0.23235 0.21084 0.18916 0.16839 0.14948 0.13328 0.12028 0.11049 0.10344 0.098451 0.094772 0.091712 0.088703 0.085322 0.081295 0.076472 0.070822
0.18709 0.15506 0.13834 0.13357 0.15704 0.17623 0.18994 0.19832 0.20082 0.19951 0.19807 0.19834 0.2009 0.20581 0.21287 0.22178 0.2322 0.24384 0.25641 0.26948 0.28269 0.29543 0.30715 0.31713 0.3247 0.32927 0.33024 0.32731 0.32027 0.3092 0.29442 0.27649 0.25618 0.23442 0.2122 0.19056 0.17045 0.15269 0.13783 0.12593 0.11661 0.1093 0.10335 0.098154 0.093169 0.087976 0.082277 0.075886 0.068726
0.19702 0.18301 0.21209 0.19665 0.18467 0.18382 0.19053 0.19803 0.2025 0.20463 0.20697 0.21047 0.21532 0.22163 0.22945 0.23878 0.24947 0.26135 0.27417 0.28755 0.30113 0.31431 0.32656 0.33714 0.34536 0.35061 0.35226 0.34997 0.34349 0.33284 0.31833 0.30046 0.27998 0.25778 0.23482 0.21213 0.19067 0.17129 0.15459 0.1407 0.12929 0.11987 0.11185 0.10468 0.097863 0.090977 0.083711 0.075849 0.067272
0.095564 0.076738 0.14283 0.18467 0.20261 0.20507 0.20222 0.20112 0.20291 0.2069 0.21283 0.21978 0.22724 0.23528 0.24421 0.25429 0.26555 0.27796 0.2913 0.30522 0.31938 0.33316 0.34605 0.3573 0.36622 0.37218 0.3745 0.37282 0.36685 0.35657 0.34224 0.32433 0.30356 0.28079 0.25697 0.23314 0.21026 0.18924 0.17076 0.15499 0.14165 0.13029 0.12039 0.11143 0.10294 0.094517 0.085838 0.07667 0.066862
0.20203 0.23721 0.24625 0.21526 0.20834 0.20252 0.1996 0.20162 0.20687 0.21365 0.22162 0.2301 0.23873 0.24771 0.25745 0.26828 0.28028 0.29343 0.30754 0.32222 0.33714 0.35169 0.36534 0.37736 0.38703 0.39372 0.39673 0.39566 0.39017 0.38021 0.36601 0.34799 0.32685 0.30344 0.2787 0.25368 0.22937 0.20675 0.18655 0.16901 0.15389 0.14076 0.12916 0.11858 0.1086 0.098822 0.088927 0.078681 0.067926
0.21264 0.18226 0.19139 0.19126 0.18475 0.18737 0.19842 0.21126 0.22142 0.22871 0.23546 0.24262 0.25048 0.2593 0.26936 0.28082 0.29365 0.30772 0.32278 0.3384 0.35426 0.36971 0.38425 0.39712 0.40762 0.41509 0.4188 0.41834 0.41333 0.40367 0.38956 0.3714 0.34985 0.32577 0.30009 0.27387 0.24816 0.22398 0.20216 0.18296 0.1662 0.15147 0.13833 0.12633 0.11505 0.10411 0.093227 0.082176 0.070825
0.22047 0.17617 0.1675 0.17948 0.20359 0.22035 0.2327 0.24197 0.24697 0.24908 0.25151 0.25558 0.26163 0.26977 0.27995 0.29204 0.30579 0.32091 0.33706 0.35377 0.37068 0.38715 0.40266 0.41647 0.42786 0.43616 0.44062 0.44079 0.43626 0.4269 0.41288 0.39457 0.37261 0.34785 0.32123 0.29384 0.26678 0.24112 0.21776 0.19704 0.17877 0.1626 0.1481 0.13484 0.12245 0.11056 0.098927 0.087351 0.07576
0.21014 0.24637 0.316 0.3041 0.29298 0.28476 0.28015 0.27596 0.27103 0.26645 0.26459 0.26607 0.27084 0.27865 0.2892 0.3021 0.31689 0.33316 0.35049 0.36836 0.38641 0.40397 0.42054 0.43535 0.44769 0.45687 0.46212 0.46296 0.45894 0.4499 0.43598 0.41753 0.39517 0.36976 0.34224 0.31373 0.28536 0.25831 0.23352 0.21138 0.19175 0.17429 0.15859 0.14425 0.13093 0.1183 0.10613 0.094281 0.082743
0.25866 0.24674 0.28354 0.29362 0.30518 0.30586 0.29796 0.28897 0.28063 0.27395 0.27105 0.2723 0.27736 0.28583 0.29729 0.31127 0.32722 0.3447 0.36323 0.38229 0.4015 0.4202 0.43787 0.45375 0.46709 0.47721 0.48329 0.48483 0.48136 0.47267 0.45888 0.44031 0.41759 0.39156 0.36319 0.33361 0.30403 0.27567 0.24955 0.22612 0.20526 0.18664 0.16989 0.15464 0.14056 0.12735 0.11484 0.10292 0.091631
0.29992 0.26723 0.23699 0.24607 0.27315 0.27837 0.27724 0.27611 0.27355 0.27083 0.27094 0.27462 0.28166 0.29176 0.30463 0.3199 0.33708 0.35574 0.37545 0.39566 0.41603 0.43587 0.45468 0.47166 0.48606 0.49717 0.50413 0.50642 0.50352 0.49522 0.4816 0.46295 0.43991 0.41331 0.38415 0.35359 0.32287 0.29328 0.26595 0.24134 0.21937 0.19973 0.18207 0.16604 0.15134 0.13772 0.125 0.11314 0.1022
0.10611 0.15619 0.28588 0.27259 0.23811 0.23222 0.24256 0.25271 0.25859 0.2625 0.26779 0.27534 0.28521 0.29739 0.31185 0.32841 0.34674 0.36649 0.38727 0.40857 0.43005 0.45104 0.47099 0.48911 0.50461 0.51674 0.52463 0.52771 0.52544 0.51757 0.50415 0.48548 0.46217 0.43507 0.40517 0.3737 0.34193 0.31122 0.28275 0.25707 0.23411 0.21358 0.19513 0.17845 0.16326 0.14932 0.1365 0.12477 0.1142
0.30778 0.29313 0.22488 0.16961 0.19617 0.21909 0.23085 0.24005 0.24873 0.25718 0.26667 0.27748 0.28976 0.30371 0.3195 0.33714 0.35641 0.37707 0.39879 0.42109 0.44364 0.46574 0.48684 0.50612 0.52275 0.53595 0.54481 0.54872 0.54712 0.53971 0.52655 0.5079 0.48438 0.45683 0.42628 0.39397 0.36123 0.32948 0.3 0.27335 0.2495 0.22817 0.20905 0.19182 0.17622 0.16205 0.14919 0.13762 0.1274
0.15308 0.11113 0.23032 0.27115 0.27189 0.25683 0.24579 0.24568 0.25214 0.2609 0.27138 0.28329 0.29659 0.31143 0.32797 0.34627 0.36618 0.38754 0.41006 0.43326 0.45682 0.48001 0.50227 0.52272 0.5405 0.55481 0.56466 0.56945 0.56855 0.56166 0.5488 0.53022 0.50654 0.47861 0.44748 0.41441 0.38078 0.34809 0.31766 0.29014 0.26549 0.24347 0.22376 0.20606 0.19014 0.1758 0.16293 0.1515 0.14159
0.39355 0.52624 0.53384 0.39814 0.31601 0.2737 0.26181 0.26328 0.26818 0.27421 0.28254 0.29324 0.30601 0.3207 0.3373 0.3558 0.37605 0.39791 0.42108 0.4451 0.46962 0.49388 0.51729 0.53892 0.55788 0.57331 0.5842 0.58989 0.58973 0.58339 0.57087 0.55241 0.52863 0.50039 0.46874 0.43499 0.40056 0.367 0.33572 0.30741 0.28205 0.25942 0.23919 0.2211 0.2049 0.19042 0.17755 0.16626 0.1566
0.24557 0.26054 0.23178 0.22566 0.23593 0.25953 0.27807 0.28761 0.29103 0.29308 0.29789 0.30616 0.3174 0.33117 0.34726 0.36557 0.38591 0.4081 0.43182 0.45661 0.48205 0.50737 0.53192 0.55475 0.5749 0.59147 0.60342 0.61004 0.61065 0.60488 0.59275 0.57446 0.55063 0.52214 0.49004 0.45568 0.42052 0.38618 0.35413 0.3251 0.29912 0.27594 0.25526 0.23682 0.2204 0.2058 0.19293 0.18174 0.17228
0.41257 0.41192 0.27544 0.20651 0.24941 0.28992 0.30889 0.31473 0.31406 0.31244 0.31425 0.32018 0.32964 0.34213 0.3574 0.3753 0.39558 0.41801 0.44225 0.46776 0.49412 0.52049 0.54619 0.57021 0.59156 0.60929 0.6223 0.62987 0.63126 0.62611 0.61439 0.59631 0.57249 0.5438 0.51133 0.47643 0.44062 0.40556 0.37282 0.34315 0.3166 0.29294 0.27188 0.25314 0.23651 0.2218 0.20892 0.19782 0.18849
0.29881 0.28648 0.38662 0.42255 0.38506 0.35594 0.34318 0.33691 0.33206 0.3287 0.32913 0.33356 0.34155 0.35282 0.36724 0.38468 0.40487 0.42755 0.4523 0.47855 0.50582 0.53325 0.5601 0.58532 0.60787 0.62676 0.64084 0.64936 0.65156 0.64704 0.63576 0.61793 0.59416 0.56534 0.53255 0.49718 0.46079 0.42509 0.39172 0.36148 0.33443 0.31035 0.28894 0.26994 0.25312 0.23832 0.22542 0.21436 0.20513
0.37022 0.42175 0.4839 0.47098 0.42266 0.37988 0.35665 0.34705 0.3428 0.34057 0.34131 0.3452 0.35224 0.36257 0.37631 0.39343 0.41363 0.43662 0.46194 0.48896 0.51717 0.54566 0.57367 0.60008 0.62382 0.64387 0.65902 0.66849 0.67149 0.66762 0.6568 0.63926 0.61559 0.58668 0.55364 0.51787 0.48096 0.4447 0.41076 0.38002 0.35252 0.32807 0.30635 0.28712 0.27014 0.25525 0.24232 0.23128 0.2221
0.49477 0.51502 0.3999 0.32985 0.34256 0.346 0.34449 0.34588 0.34776 0.34869 0.35062 0.35455 0.36112 0.37092 0.38431 0.40135 0.42175 0.44518 0.47115 0.49899 0.52817 0.55774 0.58689 0.6145 0.63942 0.6606 0.6768 0.68722 0.69103 0.6878 0.67747 0.66024 0.63671 0.60777 0.57453 0.53843 0.50107 0.46431 0.42987 0.39868 0.37079 0.34601 0.32403 0.30459 0.28747 0.27249 0.25952 0.24847 0.23931
0.13739 0.1719 0.12225 0.20877 0.26607 0.30294 0.32662 0.34227 0.35089 0.35458 0.35743 0.3615 0.36796 0.37765 0.39108 0.40836 0.42918 0.45321 0.47993 0.50866 0.53883 0.56949 0.59979 0.62857 0.65465 0.67694 0.69418 0.70551 0.71012 0.70754 0.69772 0.68082 0.65746 0.62854 0.59517 0.55879 0.52105 0.48385 0.44898 0.41739 0.38917 0.3641 0.34189 0.32227 0.30502 0.28995 0.27693 0.26587 0.25671
0.56166 0.56952 0.48008 0.34119 0.30025 0.3065 0.32777 0.34581 0.35562 0.35941 0.36211 0.36614 0.37274 0.38275 0.39663 0.41446 0.43595 0.46074 0.48831 0.51797 0.54918 0.58092 0.61236 0.64229 0.6695 0.69287 0.71111 0.72334 0.72873 0.7268 0.71748 0.70094 0.67779 0.64893 0.61548 0.57889 0.54084 0.50325 0.46801 0.43607 0.40756 0.38226 0.35985 0.34008 0.32272 0.30757 0.2945 0.2834 0.27422
0.1703 0.28491 0.3882 0.3724 0.35651 0.34752 0.35058 0.35804 0.36237 0.36333 0.36483 0.36867 0.37568 0.38639 0.40109 0.41978 0.44214 0.46782 0.49632 0.52697 0.55922 0.59206 0.62461 0.65566 0.68396 0.70837 0.72756 0.74066 0.7468 0.74551 0.7367 0.72054 0.69764 0.66889 0.63541 0.59866 0.56035 0.52246 0.48689 0.45467 0.42592 0.40041 0.37785 0.35795 0.34049 0.32526 0.31214 0.30101 0.29178
0.3515 0.23613 0.2722 0.35103 0.3891 0.38675 0.37724 0.37217 0.3686 0.36556 0.36556 0.36938 0.37713 0.38889 0.40472 0.42449 0.44787 0.47454 0.50403 0.5357 0.56899 0.6029 0.63655 0.66867 0.69801 0.72341 0.74351 0.75744 0.76431 0.76364 0.75534 0.73958 0.71695 0.68835 0.65489 0.61806 0.57955 0.5414 0.50558 0.47313 0.44418 0.41851 0.39581 0.37581 0.35827 0.34298 0.32981 0.31863 0.30935
0.30197 0.41708 0.44438 0.40134 0.41062 0.40524 0.39174 0.38008 0.37109 0.36517 0.36438 0.36869 0.37757 0.39068 0.40782 0.4288 0.45329 0.481 0.51151 0.54419 0.57852 0.61348 0.64817 0.68131 0.71164 0.73796 0.75893 0.77364 0.7812 0.78114 0.77335 0.758 0.73568 0.70727 0.67388 0.63701 0.59838 0.56003 0.524 0.49137 0.46227 0.43648 0.41369 0.39361 0.376 0.36066 0.34744 0.33621 0.32688
0.46734 0.37555 0.43189 0.43014 0.41172 0.39965 0.38879 0.37776 0.36806 0.36189 0.3617 0.36723 0.3776 0.39221 0.41074 0.43295 0.45855 0.48729 0.5188 0.55249 0.58783 0.62379 0.65947 0.69358 0.72482 0.75201 0.77378 0.78922 0.79744 0.79796 0.79068 0.77575 0.75376 0.72559 0.69234 0.65549 0.61678 0.57831 0.54213 0.50937 0.48016 0.45429 0.43143 0.41129 0.39364 0.37826 0.365 0.35372 0.34434
0.13958 0.24411 0.38428 0.39016 0.38101 0.37593 0.37203 0.36637 0.36021 0.35652 0.35836 0.36575 0.37782 0.39395 0.41379 0.43715 0.46378 0.49351 0.52598 0.56063 0.59693 0.63385 0.67046 0.70545 0.73754 0.76553 0.78803 0.80415 0.81299 0.81408 0.8073 0.79281 0.77118 0.74328 0.71021 0.67344 0.63472 0.59617 0.5599 0.52706 0.4978 0.47188 0.44899 0.42882 0.41115 0.39574 0.38244 0.37113 0.36168
0.60558 0.4845 0.36077 0.32411 0.34051 0.34802 0.35011 0.35085 0.35036 0.35081 0.35558 0.36512 0.37884 0.39628 0.41722 0.44156 0.4691 0.49972 0.5331 0.56865 0.60585 0.64365 0.68111 0.71692 0.74978 0.77848 0.80165 0.8184 0.82782 0.82945 0.82317 0.80912 0.78788 0.7603 0.72746 0.69083 0.65216 0.6136 0.5773 0.54443 0.51515 0.48922 0.46633 0.44616 0.42848 0.41305 0.39974 0.38838 0.37888
0.22307 0.13743 0.27627 0.31506 0.32888 0.33069 0.3327 0.33779 0.34246 0.34703 0.35464 0.36608 0.3811 0.3995 0.42123 0.4463 0.47459 0.50599 0.54018 0.57657 0.6146 0.6532 0.69144 0.72798 0.76151 0.79086 0.81462 0.83193 0.8419 0.84404 0.83825 0.82467 0.80385 0.77663 0.74407 0.70764 0.66908 0.63057 0.59428 0.56143 0.53218 0.50628 0.48341 0.46327 0.4456 0.43018 0.41685 0.40547 0.39592
0.52108 0.46297 0.41449 0.374 0.3461 0.32871 0.32673 0.33284 0.34005 0.34713 0.35659 0.36918 0.38488 0.40374 0.42589 0.45144 0.4803 0.51235 0.54726 0.58439 0.62317 0.66249 0.70141 0.73859 0.77272 0.80262 0.82691 0.84473 0.8552 0.85783 0.85253 0.83943 0.81906 0.79224 0.76001 0.72383 0.68544 0.64703 0.61082 0.57804 0.54886 0.52303 0.50022 0.48012 0.46249 0.44709 0.43376 0.42235 0.41276
0.67613 0.56132 0.47723 0.40495 0.35902 0.3377 0.33408 0.33843 0.34494 0.35216 0.3619 0.37458 0.39022 0.40901 0.43121 0.45698 0.48623 0.51882 0.55435 0.59214 0.63157 0.67152 0.71103 0.74874 0.78337 0.81375 0.83849 0.85677 0.86769 0.8708 0.86599 0.85337 0.83348 0.8071 0.77526 0.73939 0.70124 0.66299 0.6269 0.59424 0.56517 0.53944 0.51672 0.4967 0.47912 0.46375 0.45043 0.43902 0.42939
0.023866 0.14277 0.3795 0.37157 0.359 0.35461 0.35216 0.35319 0.35666 0.36193 0.37039 0.38209 0.39695 0.41519 0.43711 0.46288 0.49238 0.52539 0.56145 0.59979 0.63979 0.68026 0.72026 0.75842 0.79346 0.82422 0.84935 0.86802 0.87936 0.88292 0.8786 0.86648 0.8471 0.82122 0.78982 0.75431 0.71644 0.67841 0.64251 0.61001 0.58109 0.5555 0.5329 0.51297 0.49547 0.48015 0.46686 0.45544 0.44579
0.64539 0.4715 0.34103 0.33695 0.37084 0.37938 0.37607 0.37343 0.37313 0.37527 0.38132 0.39121 0.40472 0.42204 0.44346 0.46908 0.49872 0.53205 0.56854 0.60735 0.64781 0.68871 0.72908 0.76759 0.80294 0.83401 0.85945 0.87846 0.8902 0.89419 0.89035 0.87876 0.85992 0.83457 0.80366 0.76858 0.73106 0.6933 0.65763 0.62534 0.5966 0.57119 0.54873 0.52893 0.51153 0.49628 0.48302 0.47161 0.46194
0.53997 0.38657 0.35588 0.38819 0.41057 0.40845 0.40065 0.39519 0.39171 0.39049 0.39364 0.40125 0.41309 0.4293 0.45009 0.47549 0.50519 0.53877 0.57561 0.6148 0.65561 0.69683 0.73749 0.77623 0.81181 0.8431 0.86879 0.88809 0.90018 0.90459 0.90124 0.8902 0.87193 0.84715 0.81679 0.78219 0.74507 0.70764 0.67225 0.64021 0.61171 0.58649 0.56422 0.54456 0.52727 0.5121 0.4989 0.48752 0.47783
0.21995 0.26028 0.47682 0.48419 0.45563 0.43366 0.42199 0.41558 0.41009 0.40596 0.40624 0.41149 0.42161 0.43669 0.45685 0.48201 0.51174 0.54553 0.58263 0.6221 0.66317 0.70461 0.74544 0.78433 0.82003 0.85147 0.87734 0.89689 0.90929 0.91412 0.91126 0.90078 0.88313 0.85897 0.8292 0.79514 0.75848 0.72144 0.68638 0.65463 0.62639 0.60141 0.57934 0.55985 0.5427 0.52763 0.51449 0.50313 0.49345
0.74679 0.66664 0.62205 0.5301 0.47542 0.44849 0.43833 0.43302 0.42664 0.4203 0.41813 0.42129 0.42988 0.44396 0.46359 0.48856 0.51833 0.55227 0.58958 0.62924 0.67047 0.71202 0.75291 0.79185 0.8276 0.8591 0.8851 0.90484 0.91755 0.92277 0.92042 0.91053 0.89352 0.87003 0.8409 0.80744 0.77129 0.73468 0.7 0.66859 0.64065 0.61594 0.59409 0.5748 0.55779 0.54284 0.52977 0.51846 0.50878
0.57685 0.61121 0.57602 0.48864 0.46317 0.45325 0.45003 0.447 0.44041 0.43257 0.42858 0.43014 0.43755 0.45092 0.47019 0.49507 0.5249 0.55897 0.59642 0.63618 0.67747 0.71902 0.75989 0.79877 0.83449 0.86599 0.89205 0.91195 0.92493 0.93055 0.92871 0.91943 0.90311 0.88033 0.8519 0.81908 0.7835 0.74738 0.71312 0.68208 0.65448 0.63006 0.60847 0.58938 0.57255 0.55772 0.54475 0.53349 0.52383
0.20495 0.22849 0.35463 0.40424 0.44033 0.45461 0.45874 0.45758 0.45094 0.44222 0.43712 0.43771 0.44444 0.45743 0.47657 0.50149 0.53142 0.5656 0.60311 0.64289 0.68413 0.72559 0.76633 0.80508 0.84068 0.87211 0.89818 0.91821 0.93144 0.93745 0.93614 0.92751 0.9119 0.88989 0.86221 0.83009 0.79513 0.75954 0.72574 0.69512 0.66788 0.64379 0.62247 0.60361 0.58696 0.57228 0.55941 0.54822 0.53858
0.46194 0.30222 0.32316 0.38691 0.43826 0.45987 0.46595 0.46497 0.45811 0.44903 0.44356 0.44384 0.45042 0.46342 0.48269 0.50777 0.53784 0.5721 0.60962 0.64934 0.69044 0.73171 0.77223 0.81076 0.84615 0.87746 0.9035 0.92362 0.93709 0.94349 0.94273 0.93477 0.91992 0.89871 0.87184 0.84046 0.80617 0.77116 0.73787 0.7077 0.68086 0.65711 0.63609 0.61748 0.60103 0.58651 0.57375 0.56263 0.55303
0.42949 0.52008 0.52574 0.46172 0.46506 0.4708 0.472 0.46933 0.46202 0.45308 0.44792 0.44856 0.45552 0.46891 0.48854 0.5139 0.54414 0.57846 0.61592 0.65548 0.69635 0.73733 0.77755 0.81577 0.85091 0.88203 0.90799 0.92817 0.94187 0.94868 0.94848 0.94122 0.92718 0.90682 0.8808 0.85022 0.81665 0.78227 0.74952 0.71983 0.69341 0.67003 0.64933 0.63098 0.61475 0.6004 0.58777 0.57673 0.56718
0.53647 0.58303 0.61493 0.53529 0.49906 0.48284 0.47601 0.47067 0.46297 0.45464 0.45042 0.45201 0.45983 0.47395 0.49414 0.51987 0.5503 0.58463 0.62196 0.66128 0.70183 0.74244 0.78227 0.82011 0.85493 0.88581 0.91166 0.93189 0.94581 0.95303 0.95341 0.94689 0.93369 0.91423 0.88911 0.85938 0.82657 0.79285 0.76069 0.73151 0.70555 0.68256 0.66219 0.64413 0.62813 0.61395 0.60146 0.59052 0.58101
0.56009 0.46405 0.5689 0.55635 0.51692 0.48968 0.47668 0.46908 0.4614 0.45419 0.45142 0.45444 0.46351 0.47862 0.49952 0.52568 0.55629 0.59058 0.62772 0.66671 0.70686 0.74701 0.78637 0.82377 0.8582 0.8888 0.9145 0.93476 0.9489 0.95655 0.95754 0.95179 0.93948 0.92097 0.89679 0.86796 0.83595 0.80294 0.7714 0.74276 0.71727 0.69469 0.67468 0.65691 0.64115 0.62717 0.61482 0.60398 0.59454
0.27263 0.31527 0.50228 0.5297 0.51102 0.48783 0.47327 0.46487 0.45791 0.45229 0.45137 0.45618 0.46677 0.48305 0.50475 0.53135 0.56209 0.59629 0.63315 0.67173 0.71139 0.75101 0.78983 0.82673 0.86072 0.891 0.91653 0.93681 0.95118 0.95926 0.96089 0.95595 0.94457 0.92705 0.90386 0.87597 0.84481 0.81255 0.78165 0.75358 0.72859 0.70644 0.6868 0.66934 0.65383 0.64005 0.62786 0.61713 0.60776
0.51372 0.48122 0.49122 0.48283 0.48869 0.47808 0.46613 0.45873 0.45328 0.44961 0.4508 0.45758 0.46983 0.48736 0.50986 0.53686 0.56769 0.60172 0.63821 0.67631 0.7154 0.75442 0.79264 0.82897 0.86249 0.89241 0.91775 0.93804 0.95264 0.96118 0.96348 0.95939 0.94898 0.93249 0.91034 0.88343 0.85316 0.82168 0.79146 0.76399 0.73951 0.71781 0.69855 0.68141 0.66617 0.6526 0.64057 0.62996 0.62066
0.69953 0.55357 0.47538 0.44533 0.46458 0.46432 0.4567 0.45171 0.44835 0.44683 0.45019 0.459 0.47292 0.49165 0.5149 0.54224 0.57306 0.60683 0.64288 0.68042 0.71887 0.75722 0.79478 0.83051 0.8635 0.89304 0.91818 0.93847 0.95331 0.96233 0.96534 0.96213 0.95273 0.93732 0.91625 0.89037 0.86103 0.83035 0.80084 0.77398 0.75004 0.72881 0.70994 0.69313 0.67817 0.66482 0.65296 0.64247 0.63326
0.40655 0.35988 0.43355 0.43785 0.45088 0.45119 0.44711 0.44508 0.44402 0.44462 0.45005 0.46075 0.47622 0.49604 0.51991 0.54747 0.57818 0.61159 0.64712 0.68402 0.72177 0.7594 0.79624 0.83131 0.86375 0.89289 0.91781 0.93811 0.95321 0.96274 0.96648 0.96419 0.95586 0.94157 0.92162 0.8968 0.86842 0.83859 0.8098 0.78358 0.7602 0.73944 0.72097 0.70451 0.68983 0.6767 0.66502 0.65467 0.64555
0.26804 0.30021 0.45042 0.45984 0.4498 0.44207 0.43958 0.44011 0.44108 0.44353 0.45077 0.46311 0.47989 0.50059 0.5249 0.55253 0.58302 0.61598 0.6509 0.68709 0.72408 0.76093 0.79702 0.8314 0.86326 0.89197 0.91667 0.93699 0.95236 0.96242 0.96694 0.96562 0.95838 0.94526 0.92647 0.90275 0.87536 0.8464 0.81837 0.7928 0.76998 0.74971 0.73166 0.71555 0.70116 0.68827 0.67677 0.66655 0.65753
0.66178 0.53824 0.53159 0.48904 0.45483 0.43838 0.43585 0.43784 0.44018 0.444 0.45264 0.46627 0.48403 0.50534 0.52988 0.55741 0.58754 0.61995 0.65419 0.68961 0.72578 0.76181 0.7971 0.83076 0.86202 0.89029 0.91477 0.93512 0.95079 0.96141 0.96674 0.96643 0.96033 0.94842 0.93083 0.90824 0.88187 0.8538 0.82654 0.80165 0.77941 0.75964 0.74201 0.72626 0.71216 0.69951 0.6882 0.67812 0.6692
0.66121 0.59356 0.57899 0.50124 0.45886 0.44009 0.43677 0.43882 0.44167 0.44629 0.45586 0.47033 0.48869 0.51029 0.53482 0.56208 0.59171 0.62348 0.65697 0.69155 0.72686 0.76202 0.79649 0.8294 0.86004 0.88787 0.91213 0.93252 0.94851 0.95974 0.96591 0.96665 0.96174 0.95107 0.93472 0.91329 0.88797 0.86081 0.83435 0.81014 0.78849 0.76922 0.75203 0.73663 0.72284 0.71043 0.69932 0.68939 0.68057
0.37101 0.46419 0.54903 0.4881 0.46041 0.44663 0.44223 0.44309 0.44564 0.45049 0.46047 0.47531 0.49387 0.51543 0.53969 0.56648 0.5955 0.62653 0.65919 0.6929 0.72731 0.76157 0.79518 0.82733 0.85733 0.88472 0.90877 0.92921 0.94556 0.95742 0.96449 0.96632 0.96263 0.95324 0.93816 0.91792 0.89367 0.86745 0.84179 0.81828 0.79723 0.77847 0.76172 0.74669 0.7332 0.72104 0.71013 0.70035 0.69165
0.41197 0.37553 0.47409 0.46257 0.4637 0.45724 0.45133 0.45027 0.45193 0.45651 0.46642 0.48116 0.49949 0.52068 0.54444 0.57059 0.59887 0.62908 0.66086 0.69364 0.72711 0.76045 0.79319 0.82455 0.85391 0.88085 0.9047 0.92523 0.94196 0.95449 0.96249 0.96545 0.96303 0.95496 0.94117 0.92215 0.899 0.87373 0.84889 0.82608 0.80564 0.7874 0.77109 0.75643 0.74325 0.73135 0.72064 0.71102 0.70243
0.57879 0.4099 0.42615 0.4521 0.47417 0.47081 0.46276 0.45964 0.46019 0.46415 0.47356 0.48775 0.50547 0.52598 0.54899 0.57435 0.60178 0.63109 0.66193 0.69376 0.72626 0.75865 0.7905 0.82106 0.84979 0.87629 0.89996 0.9206 0.93774 0.95098 0.95995 0.96409 0.96298 0.95626 0.9438 0.92601 0.90397 0.87967 0.85566 0.83356 0.81373 0.79602 0.78015 0.76587 0.753 0.74135 0.73085 0.72139 0.71292
0.48216 0.42123 0.45345 0.4756 0.49304 0.48567 0.47515 0.47045 0.46997 0.47309 0.48164 0.49491 0.51167 0.53123 0.5533 0.57771 0.6042 0.63255 0.66241 0.69325 0.72476 0.75619 0.78713 0.8169 0.84498 0.87105 0.89455 0.91533 0.93292 0.94692 0.95691 0.96227 0.96249 0.95716 0.94605 0.92953 0.90861 0.88528 0.86211 0.84073 0.82152 0.80433 0.78891 0.775 0.76245 0.75106 0.74076 0.73147 0.72312
0.38262 0.43802 0.53145 0.52322 0.51573 0.49983 0.48739 0.48198 0.4808 0.48299 0.4904 0.50243 0.51795 0.53631 0.55727 0.58062 0.60608 0.63342 0.66228 0.6921 0.72261 0.75306 0.78309 0.81205 0.8395 0.86515 0.88852 0.90946 0.92754 0.94234 0.95339 0.96 0.9616 0.95769 0.94795 0.9327 0.91293 0.89059 0.86826 0.84761 0.82901 0.81235 0.79737 0.78385 0.77161 0.76048 0.75039 0.74126 0.73304
0.55229 0.5121 0.61012 0.56839 0.53493 0.51157 0.49875 0.4937 0.49223 0.49347 0.49954 0.51008 0.52413 0.54113 0.56083 0.58304 0.60741 0.6337 0.66152 0.69032 0.71981 0.74927 0.77838 0.80655 0.83336 0.85862 0.88187 0.90302 0.92163 0.93727 0.94942 0.95733 0.96034 0.95787 0.94953 0.93557 0.91694 0.8956 0.87413 0.85419 0.83621 0.82008 0.80555 0.7924 0.78048 0.76961 0.75974 0.75078 0.74268
0.62916 0.56686 0.65455 0.59 0.54499 0.51997 0.50894 0.50527 0.50387 0.50416 0.50876 0.51765 0.53007 0.54556 0.56391 0.5849 0.60815 0.63336 0.66013 0.68789 0.71636 0.74484 0.77303 0.8004 0.8266 0.85148 0.87464 0.89603 0.91521 0.93174 0.94503 0.95428 0.95874 0.95773 0.9508 0.93815 0.92068 0.90034 0.87971 0.8605 0.84314 0.82753 0.81345 0.80068 0.78907 0.77847 0.76881 0.76002 0.75205
0.5099 0.56149 0.64628 0.58083 0.54448 0.52523 0.51807 0.51647 0.51539 0.51474 0.51778 0.5249 0.5356 0.54951 0.56645 0.58618 0.60828 0.6324 0.65812 0.68483 0.71228 0.73977 0.76705 0.79363 0.81922 0.84375 0.86686 0.88852 0.90832 0.92578 0.94027 0.95089 0.95682 0.9573 0.9518 0.94047 0.92415 0.90481 0.88503 0.86655 0.8498 0.83472 0.82108 0.80869 0.7974 0.78705 0.7776 0.76898 0.76115
0.45147 0.52734 0.58462 0.54778 0.53651 0.52855 0.52648 0.5272 0.52651 0.5249 0.52634 0.53165 0.54057 0.55288 0.56839 0.58684 0.60778 0.63081 0.65547 0.68115 0.70757 0.73408 0.76045 0.78625 0.81126 0.83545 0.85854 0.88052 0.90098 0.91942 0.93514 0.94718 0.95461 0.9566 0.95254 0.94253 0.92738 0.90903 0.89011 0.87234 0.85621 0.84165 0.82845 0.81643 0.80545 0.79537 0.78614 0.77769 0.76999
0.5712 0.47337 0.49472 0.50936 0.52724 0.53165 0.53457 0.53742 0.53698 0.53437 0.5342 0.53771 0.54488 0.55558 0.56966 0.58685 0.60664 0.62859 0.6522 0.67685 0.70225 0.72778 0.75325 0.77828 0.80273 0.82662 0.84972 0.87206 0.89324 0.91269 0.92969 0.94318 0.95214 0.95565 0.95305 0.94435 0.93037 0.91302 0.89494 0.87789 0.86237 0.84832 0.83557 0.82392 0.81325 0.80343 0.79441 0.78613 0.77857
0.57197 0.37849 0.4364 0.48838 0.52321 0.53612 0.54268 0.54705 0.54661 0.54293 0.54116 0.54293 0.5484 0.55754 0.57024 0.58619 0.60485 0.62574 0.64831 0.67194 0.69633 0.72089 0.74547 0.76975 0.79365 0.81727 0.84042 0.86317 0.8851 0.90563 0.92395 0.93891 0.94943 0.95448 0.95333 0.94597 0.93315 0.91679 0.89955 0.88321 0.86829 0.85476 0.84243 0.83115 0.8208 0.81124 0.80243 0.79433 0.7869
0.37327 0.33138 0.46683 0.49761 0.52822 0.54285 0.55092 0.55599 0.55521 0.55037 0.54706 0.54719 0.55105 0.55871 0.57008 0.58485 0.60241 0.62226 0.64382 0.66643 0.68983 0.71343 0.73713 0.76067 0.78405 0.80743 0.83067 0.85388 0.87662 0.89827 0.91795 0.93442 0.94651 0.95311 0.95343 0.94738 0.93572 0.92035 0.90395 0.88831 0.87398 0.86096 0.84906 0.83815 0.8281 0.81879 0.8102 0.80227 0.79498
0.35607 0.47047 0.55642 0.5301 0.54175 0.55173 0.5592 0.56407 0.56258 0.55654 0.55178 0.55038 0.55276 0.55904 0.56918 0.58281 0.59932 0.61816 0.63873 0.66035 0.68276 0.70541 0.72824 0.75107 0.77395 0.79712 0.82051 0.84422 0.86782 0.89063 0.91171 0.92972 0.9434 0.95157 0.95335 0.94862 0.93811 0.92372 0.90814 0.8932 0.87946 0.86693 0.85546 0.8449 0.83516 0.82611 0.81772 0.80997 0.80281
0.66846 0.64756 0.63406 0.56811 0.55984 0.56187 0.56717 0.5711 0.56858 0.5613 0.5552 0.55243 0.55348 0.55852 0.5675 0.58008 0.59559 0.61347 0.63306 0.6537 0.67514 0.69685 0.71884 0.74097 0.76338 0.78638 0.80995 0.83421 0.85872 0.88275 0.90526 0.92484 0.94013 0.94986 0.9531 0.94969 0.94032 0.9269 0.91213 0.89788 0.88472 0.87268 0.86163 0.85143 0.84199 0.83319 0.82501 0.81743 0.81042
0.83799 0.70525 0.66115 0.59716 0.5775 0.57191 0.57438 0.57682 0.57305 0.56456 0.55727 0.5533 0.55318 0.55711 0.56506 0.57666 0.59124 0.60818 0.62683 0.64652 0.66699 0.68778 0.70893 0.73039 0.75237 0.77523 0.79903 0.82389 0.84936 0.87465 0.89863 0.91981 0.93672 0.94802 0.95272 0.95061 0.94237 0.92991 0.91594 0.90236 0.88978 0.87822 0.86759 0.85773 0.84859 0.84004 0.83207 0.82466 0.81779
0.72807 0.60006 0.63804 0.61116 0.59079 0.5805 0.58033 0.58102 0.57587 0.56626 0.55794 0.55297 0.55186 0.55483 0.56185 0.57257 0.58626 0.60231 0.62005 0.63881 0.65834 0.67822 0.69855 0.71936 0.74092 0.7637 0.78777 0.81329 0.83977 0.86636 0.89186 0.91465 0.93319 0.94607 0.95222 0.9514 0.94427 0.93276 0.91958 0.90667 0.89464 0.88356 0.87333 0.86382 0.85497 0.84667 0.83891 0.83167 0.82493
0.36643 0.39754 0.5939 0.61084 0.59764 0.5866 0.58455 0.58344 0.57695 0.56634 0.5572 0.55143 0.54951 0.55167 0.5579 0.56781 0.58069 0.5959 0.61276 0.6306 0.6492 0.66818 0.68771 0.70789 0.72908 0.75181 0.77621 0.80243 0.82998 0.85792 0.88495 0.90939 0.92957 0.94401 0.9516 0.95206 0.94604 0.93545 0.92305 0.91079 0.89931 0.88871 0.87887 0.8697 0.86113 0.85308 0.84552 0.83845 0.83185
0.25351 0.33941 0.56588 0.6005 0.59787 0.58966 0.58665 0.58392 0.57621 0.56481 0.55505 0.54869 0.54615 0.54767 0.55321 0.56241 0.57455 0.58896 0.60496 0.6219 0.6396 0.6577 0.67644 0.69601 0.71686 0.73958 0.76436 0.79135 0.82001 0.84935 0.87796 0.90404 0.92587 0.94187 0.95089 0.95262 0.94768 0.93801 0.92637 0.91475 0.90381 0.89366 0.88421 0.87537 0.86709 0.85927 0.85192 0.84502 0.83856
0.60786 0.50276 0.56761 0.58504 0.59265 0.58952 0.58636 0.58232 0.57364 0.56168 0.55154 0.54479 0.54182 0.54284 0.54782 0.55641 0.56785 0.58151 0.59669 0.61275 0.62955 0.64678 0.66476 0.68375 0.70429 0.72705 0.75226 0.78007 0.8099 0.84067 0.87088 0.89864 0.92211 0.93967 0.95011 0.95308 0.94921 0.94043 0.92954 0.91854 0.90813 0.89843 0.88936 0.88085 0.87285 0.86527 0.85811 0.85138 0.84505
0.8242 0.63544 0.57993 0.56826 0.58387 0.58634 0.58353 0.57857 0.56923 0.557 0.54669 0.53977 0.53654 0.53721 0.54176 0.54981 0.56064 0.57357 0.58796 0.60317 0.61908 0.63546 0.65269 0.67112 0.6914 0.71424 0.73993 0.76863 0.79968 0.83192 0.86376 0.8932 0.91832 0.93742 0.94925 0.95345 0.95063 0.94272 0.93257 0.92218 0.91228 0.90302 0.89433 0.88614 0.8784 0.87106 0.8641 0.85753 0.85134
0.7822 0.63035 0.57808 0.55259 0.5735 0.58046 0.57813 0.57265 0.56303 0.55081 0.54059 0.53369 0.53038 0.53084 0.53506 0.54266 0.55292 0.56519 0.5788 0.59317 0.60821 0.62375 0.64025 0.65816 0.6782 0.70118 0.72741 0.75704 0.78936 0.82312 0.85662 0.88774 0.91451 0.93514 0.94835 0.95375 0.95195 0.94491 0.93546 0.92567 0.91628 0.90744 0.89911 0.89123 0.88377 0.87665 0.86989 0.86348 0.85743
0.52009 0.50517 0.55517 0.53967 0.56306 0.57219 0.57019 0.56461 0.55512 0.54321 0.5333 0.52661 0.52337 0.52377 0.52777 0.53499 0.54474 0.55637 0.56924 0.58279 0.59697 0.61168 0.62747 0.64488 0.66472 0.68789 0.71472 0.74534 0.77898 0.8143 0.84947 0.88229 0.91069 0.93283 0.9474 0.95398 0.95319 0.94698 0.93823 0.92902 0.92012 0.91169 0.90372 0.89615 0.88895 0.88206 0.87549 0.86924 0.86332
0.23352 0.36121 0.52366 0.53063 0.55331 0.56178 0.55983 0.55457 0.54561 0.5343 0.52491 0.5186 0.51559 0.51604 0.51991 0.52684 0.53613 0.54716 0.5593 0.57204 0.58537 0.59927 0.61436 0.6313 0.65099 0.67439 0.70188 0.73356 0.76857 0.80547 0.84234 0.87686 0.90688 0.93052 0.94642 0.95416 0.95434 0.94895 0.94088 0.93223 0.92381 0.91579 0.90817 0.90089 0.89395 0.88728 0.8809 0.87481 0.86903
0.3861 0.35454 0.50356 0.5259 0.54412 0.54938 0.54722 0.54269 0.53462 0.52418 0.51551 0.50975 0.5071 0.50771 0.51154 0.51824 0.52711 0.53757 0.54901 0.56095 0.57344 0.58654 0.60096 0.61745 0.63703 0.66072 0.68893 0.72171 0.75815 0.79668 0.83525 0.87147 0.9031 0.92822 0.94542 0.95429 0.95543 0.95083 0.94341 0.93532 0.92736 0.91973 0.91245 0.90547 0.89877 0.89232 0.88612 0.8802 0.87454
0.64278 0.46 0.50566 0.52455 0.53466 0.53504 0.53259 0.52915 0.52232 0.51298 0.5052 0.50012 0.49795 0.49883 0.5027 0.50922 0.51773 0.52763 0.53838 0.54953 0.5612 0.57351 0.58727 0.60335 0.62286 0.6469 0.67589 0.70984 0.74775 0.78793 0.82822 0.86614 0.89936 0.92593 0.94441 0.95438 0.95645 0.95262 0.94584 0.93828 0.93077 0.92353 0.91657 0.90987 0.90343 0.89718 0.89117 0.8854 0.87988
0.71781 0.52721 0.52346 0.52418 0.52373 0.51875 0.51621 0.5142 0.50887 0.50083 0.49408 0.48981 0.48823 0.48945 0.49343 0.49983 0.508 0.51738 0.52746 0.53783 0.54867 0.5602 0.57332 0.58902 0.60851 0.63295 0.66279 0.69797 0.73739 0.77925 0.82128 0.86088 0.89568 0.92366 0.9434 0.95444 0.95741 0.95433 0.94817 0.94113 0.93405 0.92718 0.92054 0.91412 0.90791 0.90188 0.89605 0.89043 0.88504
0.60918 0.51719 0.54194 0.5215 0.51012 0.50058 0.49838 0.49807 0.49445 0.48785 0.48225 0.47889 0.47799 0.47964 0.48379 0.4901 0.49796 0.50684 0.51625 0.52585 0.53587 0.54662 0.55912 0.57447 0.59399 0.6189 0.64964 0.68612 0.7271 0.77067 0.81443 0.8557 0.89206 0.92144 0.94239 0.95447 0.95832 0.95597 0.9504 0.94386 0.9372 0.93069 0.92437 0.91822 0.91224 0.90641 0.90075 0.89529 0.89003
0.38592 0.46067 0.5492 0.51328 0.49296 0.48069 0.47944 0.48103 0.47924 0.47417 0.46982 0.46746 0.4673 0.46944 0.4738 0.48007 0.48765 0.49603 0.50479 0.51362 0.52282 0.53281 0.54471 0.55974 0.57934 0.60477 0.63649 0.67431 0.7169 0.7622 0.8077 0.85063 0.88851 0.91926 0.9414 0.95449 0.95918 0.95753 0.95255 0.94648 0.94023 0.93407 0.92805 0.92216 0.91641 0.91078 0.9053 0.89998 0.89485
0.28579 0.42171 0.53996 0.49729 0.47191 0.4594 0.45975 0.46334 0.46341 0.45993 0.45688 0.45558 0.45624 0.45891 0.46352 0.46977 0.47708 0.48499 0.49309 0.50115 0.50955 0.51878 0.5301 0.54485 0.56457 0.59059 0.62335 0.66258 0.70682 0.75386 0.8011 0.84568 0.88505 0.91713 0.94042 0.9545 0.96001 0.95903 0.9546 0.949 0.94315 0.93733 0.93159 0.92596 0.92043 0.91499 0.90968 0.90451 0.8995
0.45335 0.43296 0.51407 0.4728 0.44733 0.43719 0.43967 0.44525 0.44713 0.44525 0.44354 0.44334 0.44485 0.44809 0.45299 0.45924 0.4663 0.47374 0.48119 0.48848 0.49606 0.50455 0.5153 0.5298 0.5497 0.57638 0.61026 0.65095 0.69687 0.74568 0.79464 0.84085 0.88169 0.91506 0.93948 0.9545 0.96079 0.96046 0.95657 0.95142 0.94595 0.94045 0.935 0.92961 0.92431 0.91906 0.91391 0.90889 0.904
0.61034 0.45583 0.47462 0.44073 0.42024 0.41466 0.41958 0.42699 0.43057 0.43024 0.42988 0.43082 0.43321 0.43705 0.44225 0.44852 0.45534 0.4623 0.4691 0.47562 0.48239 0.49013 0.50033 0.51462 0.53476 0.56217 0.59723 0.63945 0.68709 0.73767 0.78835 0.83615 0.87844 0.91307 0.93856 0.95449 0.96155 0.96184 0.95847 0.95375 0.94864 0.94346 0.93828 0.93313 0.92804 0.92297 0.91799 0.91311 0.90835
0.63379 0.4386 0.42726 0.40361 0.39226 0.39253 0.39981 0.40878 0.41387 0.41502 0.416 0.41808 0.42137 0.42582 0.43134 0.43763 0.44421 0.45071 0.45685 0.46259 0.46854 0.47555 0.48522 0.49934 0.51977 0.54798 0.5843 0.6281 0.67749 0.72985 0.78224 0.83161 0.87529 0.91114 0.93768 0.95449 0.96227 0.96317 0.96029 0.95598 0.95122 0.94635 0.94144 0.93652 0.93163 0.92674 0.92192 0.91718 0.91254
0.51306 0.36761 0.38005 0.36539 0.36544 0.3715 0.38067 0.39079 0.39715 0.39968 0.40197 0.40519 0.40938 0.41446 0.42029 0.42661 0.43295 0.43897 0.44445 0.44941 0.45454 0.46081 0.46997 0.48396 0.50475 0.53384 0.57149 0.61692 0.66809 0.72223 0.77632 0.82722 0.87227 0.9093 0.93684 0.95449 0.96297 0.96444 0.96204 0.95813 0.95371 0.94912 0.94447 0.93978 0.93508 0.93038 0.92571 0.92111 0.91659
0.29573 0.27573 0.34218 0.33116 0.34195 0.35221 0.3624 0.37317 0.38052 0.38431 0.38787 0.39222 0.39731 0.40299 0.40914 0.41549 0.42159 0.42713 0.43194 0.4361 0.44041 0.44594 0.45461 0.46851 0.48973 0.51978 0.55882 0.60594 0.65891 0.71484 0.77059 0.823 0.86937 0.90754 0.93604 0.9545 0.96365 0.96567 0.96372 0.96019 0.95609 0.95179 0.94738 0.94291 0.93841 0.93388 0.92936 0.9249 0.9205
0.18082 0.24865 0.32042 0.30636 0.3236 0.3351 0.34516 0.35604 0.36409 0.369 0.37378 0.37923 0.38519 0.39148 0.39793 0.4043 0.41014 0.41519 0.41932 0.42268 0.42615 0.43095 0.43915 0.45301 0.47472 0.50581 0.54633 0.59519 0.64998 0.70768 0.76507 0.81895 0.8666 0.90586 0.9353 0.95453 0.96432 0.96686 0.96534 0.96217 0.95839 0.95436 0.95018 0.94592 0.94161 0.93725 0.93288 0.92855 0.92427
0.35394 0.31614 0.31493 0.29507 0.31132 0.32034 0.32903 0.33947 0.34793 0.35382 0.35975 0.36626 0.37307 0.37994 0.38669 0.39306 0.39864 0.40319 0.40662 0.40917 0.41179 0.41586 0.42361 0.43747 0.45975 0.49196 0.53404 0.58468 0.64131 0.70078 0.75978 0.81508 0.86396 0.90428 0.9346 0.95457 0.96496 0.968 0.9669 0.96408 0.96059 0.95682 0.95288 0.94882 0.94469 0.94049 0.93627 0.93207 0.9279
0.55697 0.39884 0.32038 0.2978 0.30483 0.30786 0.31401 0.3235 0.33209 0.33884 0.34584 0.35337 0.361 0.36842 0.37545 0.3818 0.38711 0.39114 0.39386 0.39557 0.39734 0.40068 0.408 0.42192 0.44485 0.47827 0.52197 0.57444 0.63292 0.69414 0.75471 0.8114 0.86147 0.90279 0.93396 0.95463 0.9656 0.96911 0.9684 0.96591 0.96271 0.95918 0.95546 0.9516 0.94765 0.94361 0.93953 0.93545 0.9314
0.63893 0.43213 0.33174 0.31101 0.30269 0.2973 0.30004 0.30814 0.31662 0.32409 0.33211 0.34061 0.34901 0.35695 0.36423 0.37056 0.37557 0.37907 0.38106 0.38192 0.38281 0.38542 0.39233 0.40636 0.43003 0.46475 0.51015 0.56449 0.62483 0.68777 0.74988 0.8079 0.85911 0.9014 0.93337 0.9547 0.96622 0.97018 0.96984 0.96767 0.96474 0.96145 0.95794 0.95427 0.95049 0.9466 0.94267 0.93872 0.93478
0.60856 0.40055 0.34769 0.32895 0.30279 0.28812 0.28698 0.29338 0.30155 0.30965 0.3186 0.328 0.33713 0.34557 0.35306 0.35934 0.36404 0.36699 0.36824 0.36823 0.36823 0.37009 0.37662 0.39083 0.41532 0.45145 0.49862 0.55486 0.61705 0.68168 0.74529 0.8046 0.85691 0.90011 0.93284 0.9548 0.96684 0.97122 0.97123 0.96936 0.96668 0.96363 0.96032 0.95683 0.95322 0.94949 0.94569 0.94186 0.93803
0.45678 0.31127 0.36926 0.34589 0.30294 0.27973 0.27466 0.27917 0.28691 0.29553 0.30534 0.31558 0.3254 0.33429 0.34198 0.34818 0.35255 0.35493 0.35541 0.35451 0.3536 0.35472 0.36089 0.37533 0.40075 0.43838 0.48739 0.54556 0.6096 0.67589 0.74095 0.8015 0.85484 0.89891 0.93236 0.95492 0.96744 0.97223 0.97257 0.97098 0.96855 0.96571 0.9626 0.95929 0.95584 0.95225 0.94859 0.94488 0.94117
0.2345 0.21863 0.39592 0.35736 0.30134 0.27155 0.2629 0.26548 0.2727 0.28177 0.29237 0.3034 0.31384 0.32314 0.33099 0.3371 0.34112 0.34291 0.3426 0.34077 0.33893 0.3393 0.34514 0.3599 0.38634 0.42557 0.47649 0.53662 0.60249 0.6704 0.73686 0.79859 0.85293 0.89782 0.93195 0.95506 0.96804 0.97321 0.97386 0.97254 0.97035 0.96771 0.96479 0.96165 0.95836 0.95491 0.95138 0.94779 0.94418
0.14023 0.23869 0.42281 0.36035 0.29677 0.26311 0.2515 0.25224 0.25894 0.2684 0.27972 0.29146 0.30248 0.31215 0.32014 0.32613 0.32977 0.33095 0.32982 0.32705 0.32425 0.32386 0.3294 0.34454 0.37213 0.41307 0.46596 0.52806 0.59573 0.66523 0.73303 0.79589 0.85116 0.89683 0.93159 0.95523 0.96864 0.97416 0.97511 0.97404 0.97207 0.96963 0.96689 0.96391 0.96077 0.95747 0.95406 0.95059 0.94708
0.31019 0.3547 0.44171 0.35331 0.28867 0.25405 0.2403 0.23941 0.24561 0.25543 0.26741 0.2798 0.29134 0.30134 0.30943 0.31527 0.31852 0.31906 0.3171 0.31335 0.30957 0.3084 0.31367 0.32929 0.35814 0.40089 0.45581 0.51989 0.58933 0.66037 0.72946 0.79339 0.84954 0.89593 0.9313 0.95543 0.96924 0.97508 0.97631 0.97548 0.97371 0.97147 0.9689 0.96608 0.96309 0.95992 0.95664 0.95328 0.94988
0.55253 0.48245 0.44411 0.33595 0.27705 0.24421 0.22917 0.22693 0.23273 0.24288 0.25545 0.26844 0.28044 0.29073 0.29889 0.30457 0.3074 0.30728 0.30445 0.29969 0.29489 0.29294 0.29796 0.31416 0.3444 0.38908 0.44608 0.51213 0.58332 0.65582 0.72614 0.79108 0.84807 0.89514 0.93106 0.95564 0.96983 0.97598 0.97747 0.97686 0.97529 0.97323 0.97082 0.96816 0.9653 0.96226 0.95911 0.95586 0.95256
0.68493 0.56059 0.42314 0.30926 0.26241 0.23352 0.218 0.21476 0.22028 0.23077 0.24388 0.25738 0.2698 0.28035 0.28855 0.29403 0.29642 0.29562 0.29189 0.28609 0.28023 0.27747 0.2823 0.29918 0.33096 0.37766 0.43679 0.5048 0.57768 0.65161 0.72309 0.78899 0.84674 0.89445 0.93088 0.95589 0.97042 0.97686 0.97858 0.97818 0.97681 0.97491 0.97266 0.97014 0.96743 0.96452 0.96148 0.95834 0.95514
0.73172 0.5748 0.37584 0.27544 0.24561 0.22206 0.20675 0.20288 0.20827 0.21909 0.23268 0.24666 0.25944 0.2702 0.27842 0.28368 0.28561 0.28412 0.27945 0.27256 0.2656 0.26202 0.26669 0.28438 0.31784 0.36668 0.42797 0.49792 0.57244 0.64772 0.7203 0.78709 0.84557 0.89386 0.93077 0.95616 0.971 0.97771 0.97966 0.97945 0.97825 0.97652 0.97442 0.97204 0.96946 0.96667 0.96375 0.96072 0.95762
0.68075 0.52087 0.30462 0.23803 0.22776 0.20999 0.19537 0.19127 0.19669 0.20785 0.22188 0.23627 0.24938 0.26031 0.26852 0.27354 0.275 0.27278 0.26716 0.25914 0.25103 0.24659 0.25114 0.26978 0.30509 0.35617 0.41964 0.49149 0.5676 0.64416 0.71778 0.78539 0.84454 0.89336 0.93071 0.95645 0.97159 0.97854 0.9807 0.98067 0.97964 0.97806 0.9761 0.97386 0.9714 0.96874 0.96593 0.96301 0.96
0.54596 0.40458 0.20859 0.20207 0.21008 0.19749 0.18389 0.17991 0.18553 0.19705 0.21148 0.22623 0.23962 0.2507 0.25887 0.26365 0.26461 0.26164 0.25503 0.24583 0.23651 0.23119 0.23569 0.25543 0.29276 0.34616 0.41183 0.48553 0.56316 0.64093 0.71551 0.78389 0.84365 0.89296 0.9307 0.95678 0.97218 0.97935 0.9817 0.98184 0.98096 0.97953 0.97771 0.9756 0.97326 0.97071 0.96801 0.9652 0.96229
0.34715 0.25807 0.11695 0.17422 0.19375 0.1848 0.17236 0.16883 0.17481 0.1867 0.20147 0.21654 0.23018 0.24139 0.2495 0.25401 0.25447 0.25073 0.2431 0.23267 0.22207 0.21582 0.22033 0.24136 0.28089 0.33671 0.40455 0.48006 0.55912 0.63802 0.7135 0.78258 0.8429 0.89266 0.93076 0.95712 0.97277 0.98014 0.98266 0.98296 0.98223 0.98093 0.97924 0.97725 0.97504 0.9726 0.97001 0.9673 0.96448
0.17035 0.16376 0.086696 0.1608 0.17971 0.17214 0.16082 0.15804 0.1645 0.17677 0.19188 0.20723 0.22109 0.23239 0.24043 0.24466 0.2446 0.24008 0.23139 0.21968 0.20773 0.2005 0.20509 0.22761 0.26953 0.32784 0.39784 0.47508 0.55549 0.63545 0.71174 0.78147 0.84229 0.89245 0.93087 0.9575 0.97336 0.98091 0.98359 0.98404 0.98344 0.98227 0.9807 0.97883 0.97673 0.97441 0.97192 0.96931 0.96659
0.24997 0.24933 0.15374 0.16361 0.16848 0.1597 0.14938 0.14755 0.15462 0.16728 0.18268 0.19829 0.21234 0.22373 0.23169 0.23563 0.23504 0.22973 0.21995 0.20689 0.1935 0.18523 0.19 0.21425 0.25875 0.3196 0.3917 0.47059 0.55227 0.6332 0.71024 0.78054 0.84181 0.89233 0.93104 0.95789 0.97394 0.98166 0.98449 0.98507 0.98459 0.98354 0.98209 0.98034 0.97835 0.97613 0.97375 0.97123 0.9686
0.47476 0.42543 0.25657 0.17749 0.15999 0.14766 0.13813 0.13742 0.14516 0.15821 0.1739 0.18974 0.20397 0.21542 0.22329 0.22694 0.22583 0.21971 0.20882 0.19434 0.1794 0.17002 0.17507 0.20134 0.24861 0.31202 0.38616 0.46661 0.54946 0.63127 0.70898 0.7798 0.84147 0.8923 0.93125 0.95831 0.97453 0.98239 0.98535 0.98605 0.98569 0.98475 0.98342 0.98177 0.97989 0.97778 0.97549 0.97307 0.97054
0.65879 0.56668 0.33214 0.19484 0.15373 0.13617 0.1272 0.12766 0.13611 0.14956 0.16552 0.18159 0.19598 0.20749 0.21527 0.21864 0.21699 0.21006 0.19803 0.18208 0.16547 0.15488 0.16034 0.18895 0.23917 0.30514 0.38124 0.46313 0.54705 0.62966 0.70797 0.77924 0.84125 0.89235 0.93152 0.95876 0.97512 0.98311 0.98618 0.98699 0.98674 0.98591 0.98468 0.98314 0.98136 0.97935 0.97716 0.97483 0.97238
0.7836 0.66276 0.38426 0.20963 0.14882 0.12536 0.11671 0.11832 0.12748 0.14132 0.15755 0.17384 0.1884 0.19997 0.20766 0.21074 0.20858 0.20084 0.18766 0.17016 0.15174 0.1398 0.14586 0.17717 0.23051 0.29899 0.37693 0.46015 0.54504 0.62836 0.70719 0.77885 0.84117 0.89249 0.93184 0.95922 0.97571 0.98381 0.98698 0.98789 0.98774 0.98701 0.98587 0.98443 0.98276 0.98084 0.97875 0.97651 0.97415
0.83512 0.70368 0.40962 0.21852 0.14435 0.11533 0.10678 0.10942 0.11924 0.13349 0.15001 0.16652 0.18124 0.19287 0.20048 0.20329 0.20063 0.1921 0.17775 0.15864 0.13824 0.1248 0.13169 0.16612 0.22269 0.2936 0.37325 0.45768 0.54342 0.62736 0.70665 0.77864 0.8412 0.89271 0.93221 0.95971 0.9763 0.98449 0.98775 0.98875 0.98869 0.98805 0.98701 0.98567 0.98408 0.98226 0.98027 0.97812 0.97584
0.80779 0.68442 0.40531 0.22001 0.13956 0.10623 0.097561 0.10098 0.1114 0.12607 0.14289 0.15965 0.17453 0.18623 0.19377 0.19633 0.19319 0.18388 0.16838 0.1476 0.12505 0.10988 0.11789 0.15591 0.21579 0.289 0.37021 0.4557 0.5422 0.62667 0.70633 0.77859 0.84135 0.89301 0.93262 0.96021 0.97689 0.98515 0.98849 0.98957 0.98959 0.98903 0.98809 0.98683 0.98534 0.98361 0.98171 0.97965 0.97746
0.70962 0.61073 0.37416 0.21388 0.13399 0.098181 0.089171 0.093031 0.10394 0.11904 0.13621 0.15323 0.1683 0.18008 0.18756 0.18989 0.1863 0.17627 0.15963 0.13716 0.11225 0.095063 0.1046 0.14671 0.20986 0.28521 0.3678 0.45422 0.54135 0.62626 0.70623 0.77871 0.84162 0.89339 0.93308 0.96074 0.97748 0.9858 0.9892 0.99035 0.99044 0.98997 0.9891 0.98794 0.98654 0.9849 0.98308 0.98111 0.979
0.54971 0.49495 0.32149 0.20089 0.12753 0.091363 0.081721 0.085558 0.096854 0.11244 0.12998 0.14729 0.16256 0.17444 0.18189 0.18402 0.18003 0.16932 0.15159 0.12742 0.099941 0.080313 0.091977 0.13868 0.20498 0.28224 0.36602 0.45323 0.54088 0.62614 0.70635 0.77898 0.84199 0.89383 0.93358 0.96129 0.97807 0.98644 0.98989 0.99109 0.99125 0.99085 0.99007 0.98898 0.98767 0.98612 0.98438 0.9825 0.98047
0.3631 0.35262 0.25185 0.1825 0.12043 0.08594 0.075288 0.078551 0.090134 0.10625 0.12424 0.14186 0.15735 0.16934 0.17678 0.17876 0.17443 0.1631 0.14437 0.11855 0.088315 0.065686 0.080298 0.13198 0.2012 0.28009 0.36487 0.4527 0.54077 0.62629 0.70667 0.7794 0.84247 0.89435 0.93412 0.96185 0.97865 0.98705 0.99055 0.9918 0.99202 0.99168 0.99097 0.98997 0.98874 0.98727 0.98562 0.98382 0.98187
0.22141 0.21168 0.17112 0.16081 0.11324 0.082056 0.069902 0.07198 0.083775 0.10051 0.119 0.13697 0.15269 0.16481 0.17228 0.17415 0.16953 0.15769 0.13808 0.11071 0.077623 0.051264 0.069958 0.12681 0.19854 0.27876 0.36433 0.45265 0.54101 0.62671 0.70719 0.77997 0.84306 0.89494 0.9347 0.96243 0.97924 0.98766 0.99118 0.99247 0.99274 0.99247 0.99183 0.9909 0.98975 0.98836 0.9868 0.98507 0.98321
0.22446 0.16365 0.10367 0.13862 0.1068 0.079764 0.065519 0.065801 0.077782 0.095243 0.11429 0.13264 0.14861 0.16089 0.16841 0.17022 0.16539 0.15315 0.13282 0.10413 0.06826 0.036701 0.061584 0.1233 0.19702 0.27825 0.36439 0.45304 0.54159 0.62739 0.7079 0.78068 0.84374 0.89559 0.93532 0.96302 0.97982 0.98824 0.99178 0.99311 0.99343 0.99321 0.99263 0.99178 0.9907 0.98939 0.98791 0.98626 0.98448
0.38379 0.24498 0.076823 0.11952 0.10207 0.079002 0.062027 0.059956 0.072171 0.090488 0.11016 0.12891 0.14514 0.15759 0.1652 0.167 0.16206 0.14954 0.12869 0.099006 0.060772 0.022394 0.055947 0.12155 0.19665 0.27853 0.36502 0.45386 0.5425 0.62831 0.70879 0.78152 0.84451 0.8963 0.93597 0.96363 0.9804 0.98882 0.99236 0.99371 0.99407 0.9939 0.99339 0.9926 0.9916 0.99036 0.98896 0.98739 0.98568
0.54359 0.35564 0.10716 0.10801 0.099987 0.079555 0.059238 0.054382 0.066971 0.086293 0.10664 0.1258 0.1423 0.15494 0.16267 0.16453 0.15956 0.14691 0.12579 0.095546 0.055877 0.010689 0.05387 0.1216 0.19739 0.27959 0.36622 0.45511 0.54372 0.62948 0.70986 0.78248 0.84538 0.89706 0.93666 0.96426 0.98098 0.98937 0.99292 0.99429 0.99467 0.99455 0.9941 0.99337 0.99244 0.99128 0.98995 0.98846 0.98683
0.64219 0.44201 0.16777 0.10652 0.10098 0.081094 0.056919 0.049014 0.06224 0.082718 0.10376 0.12333 0.14011 0.15296 0.16085 0.16281 0.15792 0.1453 0.12417 0.093888 0.054143 0.0078952 0.055568 0.1234 0.1992 0.28138 0.36796 0.45675 0.54525 0.63086 0.7111 0.78358 0.84633 0.89789 0.93738 0.96489 0.98156 0.98991 0.99345 0.99482 0.99524 0.99516 0.99475 0.99409 0.99323 0.99214 0.99088 0.98947 0.98791
0.68775 0.49232 0.21419 0.11508 0.10499 0.083222 0.054813 0.043791 0.058058 0.079826 0.10157 0.12154 0.13859 0.15165 0.15973 0.16187 0.15714 0.14471 0.12386 0.094097 0.055853 0.019113 0.06071 0.12683 0.20204 0.28388 0.37021 0.45878 0.54706 0.63247 0.71251 0.78478 0.84736 0.89876 0.93812 0.96554 0.98213 0.99044 0.99396 0.99533 0.99577 0.99573 0.99537 0.99476 0.99396 0.99295 0.99176 0.99042 0.98894
0.67357 0.50215 0.24303 0.13001 0.11133 0.085531 0.052663 0.038681 0.05454 0.077682 0.10009 0.12042 0.13773 0.15102 0.15931 0.16168 0.15722 0.14515 0.12484 0.09611 0.060588 0.03503 0.068437 0.13172 0.20581 0.28704 0.37294 0.46117 0.54915 0.63428 0.71406 0.7861 0.84847 0.89969 0.9389 0.96619 0.9827 0.99095 0.99444 0.99581 0.99626 0.99625 0.99594 0.99539 0.99465 0.9937 0.99259 0.99132 0.98991
0.60246 0.47323 0.25838 0.14749 0.11908 0.087636 0.050246 0.033691 0.051825 0.076345 0.099346 0.12 0.13754 0.15105 0.15959 0.16225 0.15815 0.14657 0.12705 0.099787 0.067698 0.048541 0.077905 0.13786 0.21045 0.29082 0.37613 0.46391 0.5515 0.63629 0.71576 0.78753 0.84965 0.90066 0.9397 0.96686 0.98327 0.99145 0.9949 0.99626 0.99672 0.99674 0.99647 0.99597 0.99529 0.99441 0.99336 0.99217 0.99083
0.49668 0.41405 0.26023 0.16502 0.12724 0.0892 0.047386 0.028897 0.050074 0.07586 0.099344 0.12025 0.13801 0.15175 0.16055 0.16354 0.15988 0.14894 0.1304 0.10491 0.07645 0.061709 0.088501 0.14506 0.21586 0.29517 0.37976 0.46697 0.5541 0.63849 0.7176 0.78905 0.8509 0.90168 0.94053 0.96753 0.98383 0.99194 0.99534 0.99668 0.99715 0.99719 0.99695 0.9965 0.99588 0.99506 0.99409 0.99296 0.99169
0.34483 0.32488 0.25127 0.1811 0.13499 0.089942 0.043902 0.024563 0.049426 0.076251 0.10008 0.12118 0.13912 0.15307 0.16216 0.16553 0.16238 0.15217 0.13478 0.11125 0.086293 0.075369 0.099809 0.15314 0.22197 0.30005 0.38378 0.47034 0.55693 0.64086 0.71957 0.79067 0.85222 0.90274 0.94137 0.96821 0.98438 0.9924 0.99575 0.99707 0.99754 0.9976 0.9974 0.99699 0.99643 0.99567 0.99476 0.9937 0.9925
0.13307 0.20651 0.23682 0.19495 0.14163 0.08963 0.039649 0.021155 0.049986 0.077516 0.10153 0.12275 0.14084 0.15501 0.16439 0.16817 0.1656 0.15621 0.14007 0.11857 0.096844 0.088851 0.11156 0.16192 0.22868 0.30541 0.38818 0.47399 0.55998 0.6434 0.72167 0.79238 0.85359 0.90384 0.94224 0.9689 0.98493 0.99286 0.99615 0.99744 0.9979 0.99797 0.9978 0.99744 0.99693 0.99624 0.99539 0.9944 0.99326
0.013507 0.10833 0.22329 0.20615 0.14664 0.088096 0.034724 0.019579 0.051767 0.079625 0.10368 0.12494 0.14314 0.15751 0.16721 0.17142 0.16947 0.16096 0.14615 0.12667 0.10786 0.10209 0.12359 0.17126 0.23593 0.3112 0.39291 0.47792 0.56324 0.64609 0.72388 0.79418 0.85503 0.90497 0.94313 0.96959 0.98548 0.9933 0.99652 0.99777 0.99823 0.99831 0.99817 0.99785 0.99739 0.99675 0.99597 0.99504 0.99398
0.12296 0.083533 0.2167 0.21449 0.14963 0.085211 0.029139 0.02065 0.054724 0.08253 0.10646 0.1277 0.14599 0.16056 0.17056 0.17524 0.17393 0.16636 0.15289 0.13538 0.11916 0.11525 0.13577 0.18104 0.24364 0.31739 0.39797 0.48209 0.56669 0.64893 0.7262 0.79605 0.85652 0.90614 0.94403 0.97029 0.98602 0.99372 0.99687 0.99809 0.99852 0.99862 0.9985 0.99822 0.99781 0.99723 0.99651 0.99564 0.99464
0.30424 0.12859 0.2201 0.21984 0.15035 0.080895 0.022231 0.024229 0.058736 0.086162 0.10985 0.13101 0.14935 0.16409 0.17442 0.17957 0.17894 0.17231 0.16019 0.14457 0.13065 0.12831 0.14804 0.19116 0.25174 0.32393 0.40331 0.48649 0.57032 0.65191 0.72862 0.79799 0.85806 0.90734 0.94495 0.97099 0.98655 0.99413 0.9972 0.99837 0.99879 0.99889 0.9988 0.99856 0.99819 0.99766 0.997 0.9962 0.99526
0.41098 0.21764 0.2337 0.22213 0.1486 0.075122 0.01457 0.029868 0.063664 0.090448 0.11378 0.1348 0.15317 0.16809 0.17873 0.18437 0.18442 0.17875 0.16795 0.15411 0.14225 0.14122 0.16034 0.20155 0.26017 0.33077 0.40891 0.4911 0.57411 0.65501 0.73113 0.8 0.85964 0.90857 0.94589 0.97169 0.98707 0.99453 0.99751 0.99863 0.99903 0.99913 0.99906 0.99885 0.99853 0.99805 0.99745 0.99671 0.99584
0.46582 0.30363 0.25283 0.22127 0.14433 0.067967 0.009765 0.0369 0.069362 0.095312 0.1182 0.13905 0.15743 0.1725 0.18346 0.18958 0.19033 0.18561 0.1761 0.16392 0.15389 0.15401 0.17263 0.21212 0.26888 0.33789 0.41475 0.4959 0.57806 0.65824 0.73374 0.80208 0.86127 0.90982 0.94684 0.97239 0.98759 0.99491 0.99781 0.99887 0.99924 0.99934 0.99929 0.99911 0.99883 0.99841 0.99786 0.99718 0.99637
0.494 0.35896 0.27253 0.2172 0.13751 0.059507 0.010355 0.044815 0.075696 0.10068 0.12307 0.1437 0.16206 0.17729 0.18855 0.19516 0.1966 0.19282 0.18456 0.17393 0.16555 0.16667 0.18488 0.22285 0.27782 0.34525 0.42081 0.50088 0.58215 0.66157 0.73643 0.80422 0.86294 0.9111 0.94779 0.9731 0.9881 0.99528 0.99808 0.99908 0.99943 0.99952 0.99948 0.99933 0.99909 0.99872 0.99823 0.99761 0.99687
0.48924 0.39131 0.28848 0.2099 0.12813 0.049826 0.016493 0.053406 0.082555 0.10648 0.12832 0.14872 0.16705 0.18242 0.19399 0.20108 0.2032 0.20034 0.19327 0.1841 0.17719 0.1792 0.19707 0.23366 0.28695 0.35282 0.42705 0.50603 0.58636 0.665 0.73919 0.80641 0.86464 0.9124 0.94876 0.9738 0.9886 0.99564 0.99833 0.99927 0.99958 0.99967 0.99964 0.99952 0.99932 0.999 0.99856 0.998 0.99732
0.45192 0.40666 0.29751 0.19937 0.11638 0.039657 0.026907 0.062521 0.089839 0.11265 0.13391 0.15406 0.17236 0.18785 0.19972 0.20728 0.21007 0.20811 0.20218 0.19436 0.18879 0.19159 0.20919 0.24454 0.29622 0.36056 0.43346 0.51131 0.5907 0.66853 0.74202 0.80865 0.86638 0.91372 0.94974 0.9745 0.98909 0.99598 0.99856 0.99944 0.99971 0.99979 0.99977 0.99968 0.99952 0.99924 0.99885 0.99835 0.99773
0.39456 0.40493 0.29792 0.18562 0.10269 0.030598 0.038819 0.07205 0.097472 0.11914 0.13981 0.1597 0.17794 0.19355 0.20571 0.21374 0.21719 0.21609 0.21125 0.20469 0.20034 0.20386 0.22122 0.25545 0.30562 0.36845 0.44002 0.51673 0.59515 0.67214 0.74492 0.81094 0.86815 0.91505 0.95072 0.97521 0.98958 0.9963 0.99878 0.99958 0.99982 0.99988 0.99987 0.9998 0.99968 0.99944 0.99911 0.99867 0.9981
0.33354 0.38742 0.28879 0.1689 0.087099 0.025443 0.050855 0.081903 0.10538 0.1259 0.14598 0.16559 0.18377 0.1995 0.21194 0.22042 0.22451 0.22425 0.22045 0.21505 0.21182 0.21599 0.23316 0.26637 0.31511 0.37647 0.44671 0.52227 0.59969 0.67583 0.74788 0.81326 0.86995 0.91641 0.95171 0.9759 0.99006 0.99661 0.99897 0.9997 0.9999 0.99995 0.99994 0.9999 0.99981 0.99962 0.99934 0.99895 0.99844
0.28849 0.3575 0.27007 0.14968 0.069321 0.028183 0.063372 0.092013 0.11352 0.13288 0.15237 0.17172 0.18983 0.20566 0.21837 0.22729 0.232 0.23255 0.22973 0.22543 0.22322 0.228 0.24499 0.27727 0.32466 0.3846 0.45352 0.52791 0.60432 0.67959 0.75088 0.81563 0.87177 0.91777 0.9527 0.9766 0.99052 0.99691 0.99915 0.9998 0.99996 0.99999 0.99999 0.99996 0.9999 0.99975 0.99952 0.99919 0.99874
0.26969 0.31874 0.24248 0.12824 0.051658 0.039177 0.076504 0.10232 0.12182 0.14005 0.15896 0.17804 0.19608 0.21201 0.22498 0.23433 0.23964 0.24097 0.23908 0.23581 0.23454 0.23986 0.25672 0.28814 0.33425 0.39281 0.46042 0.53364 0.60903 0.68341 0.75394 0.81803 0.87361 0.91915 0.9537 0.97729 0.99098 0.99719 0.99931 0.99988 0.99999 1 1 0.99999 0.99997 0.99986 0.99968 0.9994 0.99901
0.27603 0.27473 0.20752 0.10463 0.039469 0.054468 0.090012 0.11275 0.13026 0.14738 0.16573 0.18454 0.20251 0.21853 0.23174 0.24152 0.24741 0.24948 0.24848 0.24617 0.24577 0.2516 0.26833 0.29897 0.34387 0.40108 0.46739 0.53944 0.6138 0.68729 0.75704 0.82046 0.87548 0.92054 0.9547 0.97798 0.99143 0.99746 0.99945 0.99994 1 0.99999 0.99999 1 1 0.99994 0.9998 0.99958 0.99924
0.29861 0.22596 0.16701 0.081255 0.036866 0.07141 0.10372 0.12327 0.13879 0.15484 0.17265 0.1912 0.20909 0.22519 0.23865 0.24882 0.25527 0.25806 0.2579 0.25649 0.2569 0.2632 0.27982 0.30974 0.35349 0.4094 0.47444 0.54532 0.61864 0.69121 0.76018 0.82292 0.87736 0.92193 0.9557 0.97866 0.99186 0.99772 0.99958 0.99998 0.99999 0.99996 0.99996 0.99998 1 0.99998 0.9999 0.99972 0.99944
0.31894 0.16887 0.12317 0.063708 0.046014 0.089454 0.11757 0.13382 0.14739 0.1624 0.17969 0.19799 0.2158 0.23198 0.24567 0.25623 0.26322 0.26669 0.26733 0.26677 0.26794 0.27467 0.2912 0.32045 0.36311 0.41776 0.48154 0.55125 0.62353 0.69519 0.76335 0.8254 0.87925 0.92334 0.9567 0.97934 0.99229 0.99796 0.99969 1 0.99996 0.9999 0.99989 0.99993 0.99999 1 0.99996 0.99984 0.99961
0.32332 0.11035 0.084529 0.05682 0.066123 0.10823 0.13148 0.14435 0.15601 0.17005 0.18685 0.20491 0.22264 0.23888 0.25278 0.26372 0.27123 0.27536 0.27677 0.277 0.27887 0.28601 0.30245 0.33107 0.3727 0.42614 0.48868 0.55724 0.62847 0.69919 0.76655 0.8279 0.88116 0.92475 0.9577 0.98001 0.99271 0.99818 0.99978 1 0.9999 0.99982 0.99981 0.99986 0.99994 0.99999 0.99999 0.99992 0.99975
0.30776 0.076194 0.070676 0.063703 0.091445 0.12742 0.14535 0.15481 0.16464 0.17776 0.1941 0.21192 0.22957 0.24587 0.25999 0.27128 0.27929 0.28405 0.28618 0.28717 0.2897 0.29721 0.31358 0.34162 0.38227 0.43452 0.49585 0.56325 0.63344 0.70324 0.76978 0.83042 0.88308 0.92616 0.95869 0.98068 0.99311 0.9984 0.99986 0.99999 0.99983 0.99971 0.9997 0.99976 0.99987 0.99995 1 0.99998 0.99986
0.2736 0.083985 0.092487 0.08479 0.11734 0.14673 0.15909 0.16517 0.17326 0.18552 0.20143 0.21903 0.23659 0.25295 0.26726 0.2789 0.2874 0.29275 0.29557 0.29727 0.30042 0.30829 0.32459 0.35207 0.39179 0.4429 0.50304 0.5693 0.63844 0.7073 0.77302 0.83296 0.885 0.92757 0.95969 0.98133 0.99351 0.9986 0.99992 0.99995 0.99973 0.99959 0.99956 0.99963 0.99977 0.99989 0.99998 1 0.99993
0.23389 0.1243 0.13455 0.11381 0.14344 0.16599 0.17263 0.17539 0.18184 0.19331 0.20882 0.22621 0.24369 0.26009 0.2746 0.28657 0.29552 0.30146 0.30494 0.3073 0.31102 0.31923 0.33546 0.36244 0.40126 0.45127 0.51024 0.57537 0.64347 0.71139 0.77628 0.8355 0.88693 0.92899 0.96068 0.98198 0.99389 0.99878 0.99996 0.9999 0.99962 0.99944 0.99941 0.99949 0.99965 0.9998 0.99993 1 0.99999
0.20403 0.18366 0.17953 0.1444 0.16999 0.18502 0.18587 0.18544 0.19036 0.20113 0.21627 0.23345 0.25085 0.2673 0.28198 0.29426 0.30367 0.31015 0.31425 0.31726 0.32152 0.33004 0.34621 0.3727 0.41068 0.45962 0.51744 0.58146 0.64851 0.7155 0.77956 0.83805 0.88887 0.9304 0.96166 0.98262 0.99427 0.99895 0.99999 0.99983 0.99948 0.99927 0.99923 0.99932 0.9995 0.99968 0.99985 0.99997 1
0.20143 0.25048 0.22197 0.17509 0.19663 0.20366 0.19875 0.19528 0.19882 0.20895 0.22376 0.24075 0.25807 0.27455 0.2894 0.30199 0.31182 0.31883 0.32353 0.32713 0.33191 0.34071 0.35684 0.38286 0.42002 0.46793 0.52464 0.58755 0.65357 0.71962 0.78285 0.84061 0.8908 0.93181 0.96264 0.98326 0.99463 0.99911 1 0.99974 0.99933 0.99909 0.99903 0.99912 0.99933 0.99954 0.99975 0.99992 1
0.24186 0.31431 0.26001 0.20587 0.22283 0.22174 0.21121 0.20489 0.2072 0.21678 0.23129 0.2481 0.26533 0.28184 0.29685 0.30973 0.31996 0.32749 0.33275 0.33692 0.34218 0.35126 0.36733 0.39292 0.4293 0.47621 0.53182 0.59365 0.65864 0.72375 0.78614 0.84318 0.89274 0.93322 0.96361 0.98388 0.99498 0.99926 1 0.99963 0.99916 0.99888 0.99881 0.99891 0.99913 0.99938 0.99963 0.99984 0.99998
0.31621 0.37037 0.29249 0.23643 0.24831 0.23915 0.22318 0.21425 0.21549 0.2246 0.23885 0.25548 0.27262 0.28916 0.30432 0.31748 0.3281 0.33611 0.34192 0.34663 0.35234 0.36168 0.3777 0.40287 0.43851 0.48445 0.53899 0.59973 0.6637 0.72788 0.78944 0.84574 0.89468 0.93463 0.96458 0.98449 0.99532 0.99939 0.99998 0.99951 0.99897 0.99866 0.99857 0.99868 0.99892 0.99919 0.99948 0.99974 0.99992
0.40017 0.4174 0.31866 0.26627 0.27287 0.25575 0.23463 0.22334 0.22369 0.23241 0.24642 0.26289 0.27995 0.29651 0.31181 0.32523 0.33623 0.3447 0.35102 0.35624 0.36239 0.37196 0.38793 0.41271 0.44763 0.49263 0.54612 0.60581 0.66877 0.73201 0.79274 0.84831 0.89661 0.93602 0.96554 0.9851 0.99565 0.99951 0.99995 0.99938 0.99877 0.99841 0.99832 0.99842 0.99868 0.99899 0.99931 0.99961 0.99985
0.47692 0.45363 0.3383 0.29506 0.29635 0.27142 0.24549 0.23215 0.23178 0.2402 0.25401 0.27032 0.2873 0.30387 0.3193 0.33297 0.34433 0.35325 0.36006 0.36577 0.37232 0.38212 0.39804 0.42244 0.45667 0.50076 0.55323 0.61187 0.67383 0.73614 0.79603 0.85087 0.89854 0.93742 0.96649 0.98569 0.99596 0.99962 0.9999 0.99922 0.99855 0.99815 0.99804 0.99815 0.99842 0.99876 0.99912 0.99947 0.99975
0.54038 0.47655 0.35195 0.3227 0.31854 0.28608 0.25575 0.24067 0.23977 0.24797 0.2616 0.27777 0.29466 0.31124 0.3268 0.34071 0.35241 0.36175 0.36903 0.3752 0.38214 0.39215 0.40802 0.43205 0.46562 0.50883 0.5603 0.61791 0.67887 0.74027 0.79933 0.85343 0.90046 0.9388 0.96743 0.98628 0.99627 0.99971 0.99984 0.99905 0.99831 0.99787 0.99774 0.99785 0.99815 0.99851 0.99891 0.9993 0.99962
0.58589 0.48405 0.36042 0.34911 0.33925 0.29964 0.26536 0.2489 0.24766 0.25571 0.2692 0.28522 0.30202 0.31861 0.33428 0.34842 0.36046 0.3702 0.37793 0.38454 0.39184 0.40205 0.41787 0.44155 0.47449 0.51684 0.56733 0.62393 0.68391 0.74438 0.80261 0.85598 0.90238 0.94018 0.96837 0.98685 0.99656 0.99979 0.99976 0.99887 0.99806 0.99758 0.99743 0.99754 0.99785 0.99824 0.99868 0.9991 0.99948
0.61099 0.47584 0.36541 0.37417 0.35834 0.31203 0.27433 0.25683 0.25543 0.26342 0.27679 0.29268 0.3094 0.32598 0.34176 0.35612 0.36847 0.3786 0.38676 0.39379 0.40143 0.41183 0.4276 0.45094 0.48326 0.52478 0.57431 0.62992 0.68892 0.74849 0.80589 0.85852 0.90429 0.94155 0.96929 0.98741 0.99684 0.99986 0.99967 0.99867 0.99779 0.99727 0.9971 0.99721 0.99754 0.99795 0.99842 0.99889 0.99931
0.61382 0.45205 0.36885 0.39777 0.37569 0.32321 0.28264 0.26448 0.26311 0.2711 0.28438 0.30014 0.31677 0.33335 0.34923 0.3638 0.37645 0.38695 0.39552 0.40294 0.41091 0.42148 0.4372 0.46021 0.49193 0.53265 0.58125 0.63587 0.69391 0.75257 0.80915 0.86106 0.90618 0.94291 0.9702 0.98796 0.99711 0.99991 0.99957 0.99846 0.9975 0.99694 0.99676 0.99687 0.9972 0.99764 0.99815 0.99866 0.99913
0.59248 0.41283 0.37267 0.41978 0.39117 0.33312 0.29029 0.27184 0.27068 0.27875 0.29195 0.3076 0.32413 0.3407 0.35667 0.37144 0.38438 0.39524 0.4042 0.41199 0.42027 0.431 0.44667 0.46937 0.50052 0.54045 0.58813 0.64179 0.69888 0.75664 0.8124 0.86358 0.90807 0.94426 0.9711 0.9885 0.99736 0.99995 0.99946 0.99824 0.9972 0.9966 0.99639 0.9965 0.99685 0.99732 0.99786 0.99841 0.99892
0.54509 0.35832 0.37878 0.44009 0.40465 0.34172 0.29727 0.27893 0.27815 0.28636 0.29951 0.31504 0.33148 0.34804 0.3641 0.37905 0.39227 0.40347 0.41279 0.42095 0.42952 0.4404 0.45601 0.47841 0.509 0.54817 0.59496 0.64767 0.70382 0.7607 0.81564 0.86609 0.90995 0.9456 0.97199 0.98903 0.99761 0.99998 0.99933 0.998 0.99689 0.99624 0.99602 0.99612 0.99649 0.99698 0.99755 0.99814 0.99869
0.46977 0.28865 0.38912 0.45858 0.41601 0.34895 0.30357 0.28574 0.28553 0.29393 0.30705 0.32247 0.33882 0.35535 0.37149 0.38663 0.40011 0.41163 0.42131 0.42981 0.43865 0.44968 0.46523 0.48733 0.51738 0.55581 0.60172 0.65351 0.70873 0.76472 0.81886 0.86858 0.91181 0.94692 0.97287 0.98955 0.99784 1 0.99919 0.99774 0.99657 0.99587 0.99562 0.99573 0.9961 0.99662 0.99722 0.99785 0.99845
