-0.94601 0.10761 0.18644 0.27277 0.2354 -0.065575 0.065761 0.047997 0.10161 0.16963 -0.010893 -0.050085 -0.092865 0.11726 0.021071 0.047561 -0.030033 0.022334 0.26803 0.038905 -0.35898 0.59857 -0.46995 0.57554 -0.68158 0.71323 -0.042842 -0.58942 -0.56285 0.37877 0.73165 -0.44564 -0.38772 0.73666 0.5386 -0.51115 -0.78243 -0.04786 0.69723 0.80208 0.11382 -0.72994 -0.75867 -0.11325 0.59364 0.88088 0.51817 -0.21484 -0.76266
-0.16925 -0.012231 -0.4031 0.1041 -0.028388 -0.14872 0.035968 0.06322 -0.081404 -0.070595 0.040961 0.086874 0.044225 0.038242 0.066876 0.13365 -0.081485 0.23777 0.30596 -0.50622 0.27207 0.033016 -0.11382 -0.15974 0.39696 -0.788 0.36818 0.43642 0.457 -0.43592 -0.77145 0.36869 0.55046 -0.60691 -0.75964 0.1728 0.86112 0.53104 -0.25132 -0.83097 -0.6931 0.15905 0.82832 0.78213 0.21159 -0.50182 -0.89496 -0.69096 -0.11536
-0.29894 -0.0037248 0.13683 -0.13643 -0.087553 -0.10565 0.13187 -0.12256 0.10167 -0.12385 0.15411 0.22389 0.027492 0.15264 0.079944 0.21756 -0.010364 0.11226 -0.35599 0.18386 0.14127 -0.52995 0.48871 -0.15596 -0.18732 0.76848 -0.42352 -0.47559 -0.59064 0.24232 0.85185 -0.033131 -0.79215 0.17729 0.85745 0.43028 -0.53075 -0.88388 -0.51198 0.23804 0.83582 0.68439 -0.083242 -0.72378 -0.89626 -0.54477 0.15463 0.7485 0.91216
0.32085 -0.058867 -0.58338 -0.33394 -0.24651 0.010589 0.033003 0.14008 0.097843 -0.071547 0.16154 0.29184 -0.097332 0.40871 -0.047988 -0.052576 0.028286 -0.34689 0.0097922 0.23395 -0.40163 0.71558 -0.62768 0.25689 0.18755 -0.81072 0.26535 0.67334 0.85002 0.19131 -0.75194 -0.49318 0.78128 0.49382 -0.44782 -0.87174 -0.29618 0.50749 0.88929 0.68935 -0.029891 -0.76737 -0.83804 -0.34845 0.30992 0.81201 0.8716 0.44826 -0.14616
0.0279 -0.088069 -0.1129 0.51913 -0.23244 -0.010625 -0.1016 -0.065067 -0.085095 -0.061976 0.20292 0.23584 -0.19178 0.29693 -0.19938 -0.28322 -0.065311 0.27866 0.27645 -0.45887 0.50476 -0.76334 0.6379 -0.1611 -0.38798 0.84334 0.12127 -0.8519 -0.94788 -0.71745 0.22099 0.85391 -0.19616 -0.88411 -0.44363 0.48434 0.89258 0.52011 -0.14972 -0.73766 -0.87361 -0.32803 0.44746 0.87405 0.84143 0.39877 -0.26815 -0.78616 -0.92223
-0.21706 0.29474 0.051683 0.80135 -0.0091927 0.009323 -0.010984 -0.11618 -0.20346 -0.10887 0.3239 -0.1302 0.0070733 -0.40374 0.15021 0.33159 0.11172 -0.13178 -0.4142 0.53696 -0.53072 0.74773 -0.51856 -0.13139 0.69407 -0.65648 -0.63614 0.68491 0.50368 0.85647 0.58993 -0.48938 -0.67108 0.32405 0.88001 0.57484 -0.27173 -0.82939 -0.86389 -0.43982 0.28592 0.85764 0.79679 0.30258 -0.30349 -0.78541 -0.91105 -0.60675 -0.095437
0.29075 -0.35234 0.19652 0.54747 0.060321 -0.12067 0.23513 -0.016192 -0.22889 -0.16524 0.30236 -0.4606 0.16004 -0.079663 0.065453 -0.20723 -0.1458 0.049031 0.44817 -0.51635 0.47989 -0.60073 0.189 0.55212 -0.84475 0.073022 0.88083 0.025862 0.44775 -0.17044 -0.84942 -0.50143 0.73218 0.7318 -0.01777 -0.76785 -0.83134 -0.31746 0.30707 0.79348 0.88008 0.37903 -0.34802 -0.81458 -0.91496 -0.64378 -0.075307 0.51479 0.86006
0.27578 -0.26176 -0.42396 -0.11709 0.18877 0.11573 -0.018733 0.034691 -0.15898 -0.076724 -0.16654 0.17128 -0.15682 0.41735 -0.23762 0.091776 0.17877 -0.072027 -0.38374 0.36262 -0.27833 0.20031 0.3495 -0.81545 0.48384 0.67725 -0.3767 -0.8021 -0.97295 -0.78933 -0.035337 0.81447 0.35988 -0.60589 -0.90342 -0.45468 0.34857 0.84029 0.89281 0.55961 -0.091533 -0.74401 -0.91167 -0.63337 -0.129 0.43534 0.8489 0.91229 0.66677
0.092677 -0.064685 -0.04866 -0.5723 -0.22871 0.21787 -0.16535 0.049577 0.051726 0.16446 -0.37477 0.33281 0.098087 -0.49943 0.3307 -0.061094 -0.22143 0.20776 0.17226 -0.014005 -0.1232 0.42282 -0.79545 0.5026 0.3699 -0.81763 -0.61376 0.61545 0.15496 0.59983 0.90146 0.26715 -0.8268 -0.68109 0.033627 0.74323 0.8861 0.50635 -0.040506 -0.5825 -0.90864 -0.73673 -0.15559 0.41807 0.80976 0.93113 0.70446 0.21828 -0.28108
-0.32768 -0.24439 0.26165 0.32848 0.032684 0.10422 -0.17282 0.05512 0.25781 0.058718 0.37031 -0.53529 -0.055344 0.47859 -0.37334 0.13616 0.25732 -0.42106 0.20621 -0.46772 0.56869 -0.85731 0.60844 0.36476 -0.87996 -0.086374 0.80138 0.5233 0.94465 0.65116 -0.11206 -0.84683 -0.39224 0.52598 0.9109 0.66348 -0.029934 -0.61527 -0.89946 -0.87047 -0.46273 0.23944 0.77816 0.93465 0.77869 0.36938 -0.19407 -0.67852 -0.91456
0.43982 0.058939 0.066288 -0.11467 0.12975 -0.02325 -0.12345 0.0077179 0.084228 -0.20162 -0.052959 0.51743 0.046842 -0.4589 0.36972 -0.31085 -0.23004 0.57685 -0.59662 0.75003 -0.631 0.51148 0.28725 -0.84539 0.1867 0.90465 0.3246 -0.77543 -0.28367 -0.6314 -0.9167 -0.39955 0.73174 0.84831 0.3309 -0.42173 -0.88838 -0.86589 -0.55208 -0.05158 0.53188 0.91138 0.81963 0.43818 -0.049074 -0.53678 -0.87684 -0.92388 -0.72129
-0.17043 0.19406 0.20898 -0.35747 -0.17471 -0.060613 -0.030496 -0.12661 -0.22496 0.17821 -0.20958 -0.46071 -0.076344 0.45975 -0.27949 0.51645 0.06966 -0.44672 0.62504 -0.40267 0.028387 0.48715 -0.85637 0.082804 0.84212 -0.15958 -0.86991 -0.49925 -0.96861 -0.76211 -0.12931 0.70429 0.7035 -0.092525 -0.70729 -0.91931 -0.58907 -0.050793 0.43172 0.80203 0.92801 0.62865 0.055041 -0.45383 -0.80286 -0.94316 -0.8014 -0.4175 0.021959
-0.040283 -0.41632 -0.15737 0.90483 -0.057297 -0.048721 0.049302 -0.077772 0.05326 -0.094335 0.3343 0.45329 0.14238 -0.44424 0.048486 -0.5782 0.20622 -0.068713 -0.047247 -0.44134 0.67379 -0.84391 0.0898 0.85282 -0.34167 -0.91121 -0.37615 0.69863 0.01532 0.35365 0.85095 0.76039 -0.30372 -0.89332 -0.83427 -0.30533 0.37376 0.79661 0.93808 0.83335 0.43073 -0.21534 -0.7304 -0.93459 -0.88553 -0.60875 -0.13693 0.36483 0.71922
0.99879 -0.22841 0.5745 -0.46317 0.14635 -0.04724 0.012332 0.19935 0.11772 0.028118 -0.36582 -0.50204 -0.22451 0.34686 0.29998 0.29088 -0.38315 0.5988 -0.65446 0.75885 -0.40551 -0.18428 0.86424 -0.16981 -0.86345 0.030289 0.77769 0.73637 0.96036 0.93716 0.63685 -0.18308 -0.91364 -0.6221 -0.022927 0.61756 0.92915 0.84698 0.56168 0.12842 -0.41263 -0.85529 -0.92231 -0.70471 -0.3357 0.12756 0.59013 0.88461 0.95074
-0.68159 -0.19851 -0.43615 -0.4226 0.24763 0.013499 -0.010899 -0.098737 -0.17718 -0.0017184 0.34298 0.55599 0.26388 -0.12219 -0.55876 0.29914 0.17743 -0.45368 0.48971 0.093761 -0.57826 0.89728 -0.11522 -0.88047 0.1578 0.91864 0.69543 -0.32049 0.5593 0.28029 -0.36364 -0.89117 -0.49307 0.29785 0.78831 0.92471 0.62492 0.16433 -0.26445 -0.65247 -0.91506 -0.8563 -0.47198 -0.019066 0.40439 0.75624 0.9427 0.8864 0.65952
0.42032 -0.46374 -0.36375 0.30371 0.25942 0.25943 0.07393 -0.06625 0.16788 0.013877 -0.2702 -0.51528 -0.17467 -0.17752 0.40448 -0.66519 0.30247 -0.36224 0.47987 -0.81911 0.4938 0.20977 -0.89129 -0.068782 0.92066 0.40967 -0.3745 -0.93225 -0.52634 -0.69231 -0.93495 -0.64163 0.40815 0.90938 0.86718 0.43342 -0.176 -0.62147 -0.866 -0.94564 -0.78363 -0.30705 0.25087 0.65026 0.8858 0.94887 0.78968 0.44468 0.06357
0.086628 -0.48857 0.36898 0.49494 0.13037 0.21228 -0.091122 0.18365 -0.14495 -0.057518 0.13535 0.27612 -0.069873 0.36581 0.19847 0.23853 -0.39834 0.64324 -0.62778 -0.029313 0.62681 -0.86037 -0.17339 0.84881 0.33243 -0.65162 -0.94519 -0.40818 -0.99268 -0.90554 -0.55347 0.20977 0.91774 0.72987 0.24476 -0.37317 -0.82096 -0.94834 -0.8732 -0.63154 -0.18526 0.39754 0.80678 0.94937 0.89938 0.67302 0.27521 -0.1772 -0.53392
0.12134 0.27154 0.26666 0.36041 -0.26653 -0.40937 0.021656 -0.24207 0.13668 0.11766 0.054304 0.14758 0.31442 -0.24833 -0.63461 0.57498 -0.17393 0.23663 -0.46691 0.83357 -0.35725 -0.51932 0.80569 0.55374 -0.68688 -0.88894 -0.40813 0.54834 -0.44254 -0.24615 0.31741 0.85713 0.67111 -0.0015359 -0.53413 -0.8949 -0.90557 -0.67242 -0.36165 0.028314 0.49015 0.86886 0.94141 0.78666 0.50411 0.1156 -0.3326 -0.70133 -0.8994
0.29004 -0.21162 0.022167 0.24733 -0.58921 0.021133 0.07033 0.26375 -0.15071 -0.16326 -0.2366 -0.5037 -0.26577 -0.11135 0.20438 -0.50436 0.47904 -0.68241 0.58622 0.24576 -0.77284 0.59318 0.66255 -0.45119 -0.8655 -0.12667 0.54444 0.94071 0.49388 0.60664 0.90269 0.82332 -0.056557 -0.70719 -0.9367 -0.84259 -0.45289 -0.029342 0.32387 0.64821 0.90038 0.91706 0.65151 0.29526 -0.080792 -0.46387 -0.78974 -0.94979 -0.93678
0.13235 0.36577 0.13392 0.42292 0.033079 0.38205 -0.13575 -0.26135 0.17987 0.15163 0.30001 0.41954 -0.13405 0.32163 0.59409 -0.48689 0.17057 -0.32988 0.63979 -0.73865 -0.046933 0.88873 -0.31153 -0.91214 -0.099148 0.74614 0.95411 0.4827 0.99038 0.95792 0.80235 0.21581 -0.72321 -0.94764 -0.77135 -0.31946 0.22445 0.60435 0.82663 0.94538 0.89853 0.57806 0.11152 -0.28967 -0.61184 -0.85531 -0.95984 -0.87829 -0.67916
-0.66141 -0.53951 0.25912 0.92001 0.59581 -0.50288 0.16722 0.22779 -0.19906 -0.061179 -0.16951 0.13111 0.40076 -0.094099 -0.38202 0.55899 -0.49223 0.60794 -0.32183 -0.64479 0.74306 0.081261 -0.91343 -0.39285 0.74778 0.90807 0.52754 -0.35348 0.72625 0.61735 0.1675 -0.50853 -0.93583 -0.64442 -0.19889 0.34699 0.76834 0.93665 0.94864 0.83685 0.53918 0.032742 -0.44738 -0.75012 -0.91725 -0.95725 -0.82849 -0.55109 -0.24012
-0.65305 0.33937 0.092944 0.80098 -0.37892 0.42437 -0.17313 -0.14359 0.16588 -0.062927 -0.074894 -0.52418 -0.048347 -0.25724 -0.58852 0.55791 -0.31815 0.59 -0.82103 0.30957 0.6145 -0.80357 -0.55059 0.49707 0.90007 0.30272 -0.30172 -0.90417 -0.024286 -0.11076 -0.54832 -0.91654 -0.63384 -0.02147 0.44962 0.82915 0.95558 0.86633 0.68972 0.41609 -0.00074554 -0.50242 -0.83665 -0.95551 -0.93317 -0.77776 -0.47227 -0.090369 0.24219
0.19433 0.21146 -0.34264 -0.68603 -0.055227 -0.29826 0.15821 -0.0013907 -0.046478 0.11568 0.21148 0.15248 -0.43218 0.16891 0.36423 -0.43775 0.38439 -0.29379 -0.22788 0.87825 -0.20588 -0.84188 0.32969 0.9263 0.30848 -0.51735 -0.88969 -0.8305 -0.73284 -0.74945 -0.93606 -0.8313 -0.029458 0.58932 0.87593 0.94603 0.75544 0.47071 0.19207 -0.13143 -0.51951 -0.85936 -0.96015 -0.879 -0.69239 -0.4009 -0.011317 0.3734 0.6482
0.32617 -0.25982 -0.64875 -0.89225 0.24139 0.2029 -0.12054 0.1748 -0.12748 -0.040374 -0.10583 0.46966 0.11977 0.21357 0.68459 -0.73514 0.53981 -0.78828 0.64155 0.45714 -0.80589 -0.08462 0.90265 0.59459 -0.49869 -0.95124 -0.87681 -0.24973 -0.99991 -0.96448 -0.83726 -0.35232 0.56742 0.92773 0.93392 0.6972 0.28873 -0.072338 -0.34972 -0.61685 -0.8632 -0.95748 -0.81718 -0.57631 -0.28824 0.056891 0.43372 0.73605 0.9003
-0.57548 -0.39193 -0.20393 0.93504 -0.22119 -0.15016 0.058978 -0.28298 0.22585 -0.065264 -0.092993 -0.24667 0.47017 -0.16998 -0.14058 0.073843 -0.043218 -0.30875 0.78627 -0.42821 -0.63596 0.72799 0.74069 -0.16992 -0.94014 -0.76286 -0.33898 0.45269 -0.73851 -0.69923 -0.35493 0.26399 0.91065 0.89379 0.64624 0.21422 -0.25635 -0.57231 -0.76625 -0.90766 -0.95859 -0.80277 -0.4766 -0.14836 0.16571 0.48418 0.77024 0.93618 0.96826
0.70206 -0.23303 0.71027 -0.171 0.14617 0.12237 0.015193 0.21661 -0.11403 0.051045 0.12968 -0.45572 -0.061069 -0.22179 -0.76462 0.78725 -0.58773 0.52196 0.1193 -0.89542 0.084249 0.94214 0.039761 -0.79874 -0.7761 -0.13246 0.36788 0.90001 -0.13572 -0.12906 0.26106 0.75407 0.89975 0.54349 0.15141 -0.31965 -0.70383 -0.88899 -0.95724 -0.95051 -0.81161 -0.46306 -0.040767 0.29533 0.56755 0.79818 0.94612 0.95635 0.86252
-0.47606 0.0020804 0.55943 -0.28644 -0.080595 -0.098299 -0.073218 0.024456 -0.1388 0.041766 0.0036903 0.20123 -0.51808 0.11937 -0.2997 0.49243 -0.4582 0.80225 -0.65323 -0.57644 0.72577 0.46279 -0.66982 -0.91133 -0.16759 0.54975 0.86675 0.90863 0.50434 0.47481 0.75476 0.95175 0.57917 0.02858 -0.37247 -0.7409 -0.93978 -0.95961 -0.90087 -0.76442 -0.48495 -0.035261 0.38707 0.66331 0.84577 0.95422 0.94935 0.81481 0.62143
-0.23378 0.15827 -0.46717 0.44552 0.01342 0.070915 0.084145 -0.24253 0.22375 -0.028793 -0.095863 0.49864 -0.14196 0.26108 0.56856 -0.3872 0.16708 0.30494 -0.8441 0.19806 0.82225 -0.31487 -0.94533 -0.49682 0.51196 0.93827 0.94814 0.52331 0.91925 0.87852 0.96275 0.82309 0.086281 -0.47679 -0.77233 -0.94832 -0.92792 -0.79543 -0.63906 -0.41741 -0.068825 0.38373 0.72503 0.8963 0.96556 0.94439 0.79981 0.55291 0.29745
0.32154 0.24094 -0.18597 -0.56642 0.090341 -0.058982 -0.048571 0.18723 0.019481 -0.052162 0.043733 -0.024256 0.47123 -0.001861 0.744 -0.84012 0.6348 -0.46041 -0.35076 0.81078 0.35914 -0.87615 -0.67335 0.16924 0.91998 0.88654 0.62264 -0.058206 0.98042 0.96275 0.84815 0.44447 -0.415 -0.83344 -0.95707 -0.91444 -0.69924 -0.46019 -0.25143 0.0011737 0.34538 0.71691 0.92333 0.9702 0.92569 0.78945 0.53771 0.22248 -0.054799
-0.33257 0.32336 0.26332 0.71244 -0.25321 0.097289 0.012534 0.10197 -0.23809 -0.0029955 0.067287 -0.50684 0.43776 -0.26756 0.072842 -0.43738 0.5237 -0.8377 0.39612 0.85744 -0.31992 -0.92061 -0.053911 0.73372 0.89954 0.46349 0.062862 -0.59952 0.70633 0.7353 0.48125 -0.048003 -0.78813 -0.96667 -0.90588 -0.67393 -0.32789 -0.042613 0.17134 0.40449 0.68349 0.91686 0.96529 0.8915 0.75034 0.52828 0.21218 -0.12473 -0.38705
-0.111 0.32385 -0.17024 -0.83843 0.45687 -0.18877 -0.016735 -0.23216 0.035644 0.07178 -0.075761 -0.26529 -0.1778 -0.17861 -0.67562 0.37435 -0.033843 -0.5704 0.85644 0.36201 -0.79996 -0.47699 0.57452 0.95081 0.50391 -0.1263 -0.50171 -0.91992 0.22047 0.29779 -0.0074859 -0.51153 -0.95385 -0.86945 -0.65606 -0.30048 0.095703 0.36831 0.54833 0.7242 0.89795 0.96676 0.86199 0.68864 0.47898 0.20755 -0.1281 -0.44424 -0.66236
0.45486 0.046196 0.126 0.8998 -0.62047 0.24724 0.023726 -0.0069983 0.23829 0.05197 -0.07422 0.32741 -0.59363 0.13905 -0.76041 0.85188 -0.56714 0.097138 0.76061 -0.33378 -0.8411 0.18748 0.92629 0.76451 -0.074392 -0.65214 -0.87977 -0.94138 -0.31219 -0.20664 -0.47806 -0.83564 -0.89607 -0.58781 -0.28067 0.1184 0.4871 0.70067 0.82107 0.91812 0.96941 0.87573 0.64379 0.40241 0.15698 -0.12676 -0.44135 -0.70288 -0.85702
0.52793 -0.26008 -0.075544 -0.86854 0.61217 -0.13011 0.03793 0.2174 -0.023326 -0.070033 0.092526 0.51244 -0.3392 0.30694 -0.1524 0.63334 -0.68654 0.69105 0.21558 -0.83257 -0.46344 0.74786 0.88122 0.28777 -0.60847 -0.94448 -0.97231 -0.68868 -0.7425 -0.64208 -0.81917 -0.96148 -0.65066 -0.19819 0.13514 0.50191 0.78238 0.90847 0.95826 0.97098 0.90313 0.67125 0.35132 0.077254 -0.17198 -0.43512 -0.69628 -0.88013 -0.96016
0.59703 0.0066415 0.033774 0.71893 -0.33135 -0.17389 -0.10993 -0.013089 -0.24445 -0.11791 0.1306 0.1039 0.28392 0.1478 0.58084 -0.060147 -0.33931 0.85396 -0.43715 -0.90072 0.1196 0.97728 0.49595 -0.27852 -0.92434 -0.93623 -0.78169 -0.2585 -0.97323 -0.91252 -0.96814 -0.88311 -0.2857 0.21521 0.51342 0.78929 0.94453 0.97334 0.95439 0.89039 0.72237 0.39098 0.027518 -0.24536 -0.47098 -0.68778 -0.87329 -0.96744 -0.97191
0.54425 0.28043 -0.033174 -0.43613 -0.15434 0.38361 0.024315 -0.20166 -0.050356 0.0099136 -0.0503 -0.41647 0.63613 -0.16846 0.85013 -0.70212 0.22169 0.52963 -0.8525 -0.54606 0.63832 0.81785 -0.056911 -0.73564 -0.9457 -0.65999 -0.38792 0.22277 -0.97132 -0.97533 -0.91377 -0.63665 0.11949 0.57808 0.79577 0.94563 0.96333 0.90096 0.82463 0.70055 0.46108 0.075436 -0.28831 -0.53133 -0.71263 -0.86584 -0.96393 -0.96636 -0.90087
0.40842 -0.3711 0.059524 0.050816 0.54456 -0.16042 0.1591 -0.023042 0.22611 0.15823 -0.19808 -0.51479 0.40218 -0.34111 0.49206 -0.87567 0.65023 -0.068801 -0.85276 0.037566 0.89079 0.36544 -0.57503 -0.95157 -0.69534 -0.21646 0.090015 0.63726 -0.76099 -0.83859 -0.687 -0.28372 0.4916 0.83693 0.94875 0.96158 0.85078 0.71483 0.59805 0.43518 0.15712 -0.23762 -0.56431 -0.75611 -0.87991 -0.96078 -0.96919 -0.88613 -0.76132
0.053773 -0.37437 -0.082866 0.3249 -0.49209 -0.32563 -0.099528 0.18178 0.16804 0.11734 -0.095111 -0.12499 -0.18445 -0.2235 -0.19948 -0.51253 0.71998 -0.62254 -0.47434 0.59163 0.80675 -0.19778 -0.8992 -0.88667 -0.26693 0.26715 0.53228 0.90108 -0.40567 -0.54816 -0.34558 0.10554 0.77473 0.96323 0.9635 0.84903 0.63449 0.44906 0.31065 0.13122 -0.15316 -0.51691 -0.77794 -0.90519 -0.96558 -0.97299 -0.89731 -0.74104 -0.5707
-0.2669 0.70343 0.088414 -0.51043 -0.00060841 0.38196 -0.18727 0.096721 -0.12694 -0.087823 0.15212 0.37604 -0.62755 0.081154 -0.75491 0.13646 0.42087 -0.88001 0.092233 0.90829 0.44537 -0.68232 -0.95288 -0.58508 0.21514 0.67432 0.84611 0.9752 0.013407 -0.17061 0.042233 0.46632 0.93561 0.95233 0.8517 0.63482 0.35053 0.14168 -0.0004805 -0.17619 -0.43865 -0.73959 -0.91625 -0.9733 -0.97074 -0.90977 -0.76143 -0.54814 -0.34748
-0.67279 -0.02222 -0.077436 0.36804 0.42004 0.18088 0.14519 -0.1245 -0.26082 -0.22143 0.25901 0.56403 -0.59733 0.33758 -0.8512 0.70177 -0.077144 -0.75503 0.61048 0.89644 -0.051504 -0.95176 -0.74658 -0.14517 0.63304 0.92382 0.98007 0.86372 0.41649 0.22315 0.41155 0.74839 0.96376 0.81894 0.63945 0.35394 0.037109 -0.17068 -0.30165 -0.45718 -0.6756 -0.89171 -0.97504 -0.96294 -0.9029 -0.78319 -0.57746 -0.32523 -0.10942
-0.70595 -0.70116 0.058287 0.026774 -0.25777 -0.46268 0.23009 -0.17195 -0.07432 -0.11944 0.095731 0.3109 -0.14164 0.3665 -0.46943 0.90779 -0.53644 -0.32966 0.89628 0.58911 -0.52118 -0.95121 -0.35684 0.31638 0.90146 0.9798 0.92574 0.60392 0.73905 0.57068 0.71035 0.92052 0.86816 0.59106 0.36092 0.043571 -0.27034 -0.45668 -0.56547 -0.68907 -0.84838 -0.96762 -0.95737 -0.88245 -0.77397 -0.60808 -0.36219 -0.089357 0.12749
-0.087398 0.724 -0.041619 -0.32983 -0.23798 -0.10722 -0.13868 0.0019717 0.20481 0.12697 -0.18679 -0.17104 0.41059 0.15548 0.15289 0.687 -0.76704 0.21101 0.8723 0.10757 -0.83259 -0.70545 0.10664 0.6956 0.97932 0.84959 0.71029 0.25269 0.9393 0.82606 0.90459 0.97092 0.67194 0.3036 0.052462 -0.2617 -0.54248 -0.69234 -0.77224 -0.85706 -0.94924 -0.96875 -0.87182 -0.74415 -0.59843 -0.40033 -0.13191 0.14424 0.34987
0.85737 -0.22851 0.039685 0.18357 0.27982 0.47937 -0.29601 0.17669 0.26735 0.27535 -0.32494 -0.53532 0.70725 -0.15876 0.69037 0.17028 -0.69475 0.66657 0.57234 -0.39303 -0.91641 -0.2963 0.53364 0.92141 0.86906 0.57342 0.38434 -0.12703 1 0.96323 0.97916 0.90476 0.4066 -0.0071732 -0.25191 -0.53306 -0.75781 -0.86197 -0.91025 -0.95391 -0.97734 -0.90201 -0.73059 -0.56252 -0.39168 -0.17553 0.098665 0.3628 0.54718
0.87901 -0.30568 -0.065415 0.32514 0.20495 0.14274 0.054151 0.15168 0.053402 0.17738 -0.19052 -0.55193 0.58849 -0.39264 0.90066 -0.40634 -0.36797 0.89301 0.10915 -0.7746 -0.77102 0.16844 0.8379 0.96364 0.60738 0.21053 0.0086676 -0.47741 0.92589 0.97559 0.93608 0.74009 0.10654 -0.308 -0.52371 -0.7492 -0.90317 -0.95786 -0.97515 -0.97904 -0.93741 -0.77812 -0.54788 -0.35272 -0.16876 0.052066 0.317 0.55634 0.71188
-0.5358 0.61237 0.12507 -0.56531 -0.29542 -0.45545 0.34675 -0.043683 -0.2218 -0.089907 0.11313 -0.23067 0.14465 -0.42311 0.7172 -0.8154 0.081909 0.83837 -0.37385 -0.9496 -0.44965 0.58452 0.97034 0.83074 0.25176 -0.17455 -0.35738 -0.75321 0.73862 0.87288 0.79075 0.50312 -0.19527 -0.5715 -0.74166 -0.89688 -0.97324 -0.9794 -0.96888 -0.93723 -0.83824 -0.61008 -0.33845 -0.12941 0.056541 0.27013 0.51311 0.71767 0.8392
-0.81122 -0.68463 -0.2095 0.056865 -0.26213 -0.27416 0.11949 -0.20498 -0.30171 -0.30603 0.35472 0.22386 -0.37367 -0.24163 0.24479 -0.92154 0.49977 0.54107 -0.74777 -0.89334 -0.037561 0.87256 0.92135 0.56061 -0.13334 -0.52327 -0.66442 -0.92567 0.47059 0.67682 0.56753 0.22376 -0.47049 -0.77774 -0.89236 -0.9705 -0.96947 -0.93169 -0.89822 -0.83716 -0.69128 -0.41178 -0.11655 0.094125 0.27231 0.46867 0.67962 0.84229 0.92688
0.65688 0.62234 0.28869 0.68294 0.33892 0.34867 -0.2965 -0.16888 -0.11862 -0.29724 0.35861 0.55681 -0.70782 0.058811 -0.31313 -0.71212 0.76006 0.10201 -0.92885 -0.63778 0.3726 0.98917 0.71497 0.20842 -0.48812 -0.79063 -0.87798 -0.98298 0.15882 0.41619 0.29532 -0.068274 -0.69728 -0.91461 -0.96986 -0.97106 -0.89862 -0.82403 -0.77338 -0.69009 -0.50929 -0.19691 0.10493 0.30647 0.46887 0.64013 0.81167 0.92807 0.97479
0.10447 -0.51987 -0.31758 -0.55946 0.36111 0.44134 -0.32105 0.034887 0.17184 -0.065542 0.12053 0.60402 -0.71457 0.34082 -0.7481 -0.27889 0.79899 -0.3541 -0.89039 -0.25369 0.70119 0.92816 0.39819 -0.16561 -0.76556 -0.94885 -0.98019 -0.92855 -0.16016 0.12234 0.0036816 -0.34627 -0.86108 -0.97745 -0.97476 -0.90487 -0.77122 -0.66845 -0.60657 -0.50854 -0.30529 0.021851 0.31495 0.49844 0.63887 0.77931 0.90669 0.97492 0.98454
-0.68353 0.4311 0.25125 -0.44097 -0.35784 -0.10002 0.071925 0.22267 0.33896 0.22833 -0.2082 0.35849 -0.41087 0.48762 -0.92084 0.22966 0.62157 -0.71479 -0.65834 0.17148 0.89452 0.71464 0.029011 -0.50637 -0.93562 -0.98781 -0.96881 -0.77765 -0.45424 -0.17452 -0.28016 -0.58845 -0.9545 -0.96794 -0.91294 -0.78198 -0.60009 -0.47831 -0.41087 -0.30529 -0.091692 0.23338 0.50459 0.66311 0.77724 0.88321 0.96407 0.98439 0.95906
0.35394 -0.37376 -0.067025 0.83432 -0.49646 -0.50932 0.38473 0.22739 0.25857 0.38891 -0.43049 -0.051052 0.059529 0.44676 -0.79516 0.66247 0.28835 -0.90452 -0.29606 0.55409 0.92993 0.39494 -0.33469 -0.77084 -0.98612 -0.91298 -0.85459 -0.55356 -0.69817 -0.44807 -0.5334 -0.77898 -0.97659 -0.89284 -0.79406 -0.61483 -0.39903 -0.26721 -0.19917 -0.092528 0.1203 0.42847 0.66714 0.7958 0.88103 0.95077 0.98485 0.95932 0.90222
-0.073053 0.3481 -0.19894 0.13081 0.28867 -0.26555 0.25433 0.038989 -0.0098057 0.31468 -0.42196 -0.43808 0.50389 0.24053 -0.43121 0.9085 -0.10941 -0.89522 0.11547 0.82932 0.81405 0.025376 -0.64356 -0.93174 -0.92098 -0.74191 -0.65765 -0.28361 -0.87474 -0.6776 -0.73884 -0.90812 -0.93172 -0.7625 -0.63023 -0.4169 -0.18174 -0.048081 0.016503 0.11871 0.32109 0.59993 0.79807 0.89386 0.94912 0.98253 0.97137 0.90345 0.81851
-0.21694 -0.34423 0.41035 -0.88819 0.64485 0.3094 -0.15546 -0.19604 -0.28301 0.050041 -0.1899 -0.64509 0.76079 -0.052889 0.049145 0.91906 -0.47659 -0.70383 0.49646 0.95926 0.57646 -0.33805 -0.86208 -0.97815 -0.7568 -0.50004 -0.40367 0.0042361 -0.97492 -0.84875 -0.88527 -0.97194 -0.82829 -0.58952 -0.43473 -0.2017 0.039028 0.16745 0.22555 0.31896 0.5029 0.74262 0.89478 0.95641 0.98199 0.98034 0.92689 0.82113 0.71275
0.28021 0.34675 -0.36306 0.051489 -0.080132 0.5357 -0.4013 -0.29735 -0.38562 -0.25529 0.14611 -0.60151 0.75259 -0.33377 0.50709 0.70911 -0.73618 -0.38104 0.78279 0.93458 0.26108 -0.64753 -0.97074 -0.91395 -0.51868 -0.21657 -0.12027 0.28415 -0.9971 -0.95362 -0.96727 -0.97152 -0.67742 -0.38742 -0.22091 0.018107 0.252 0.36948 0.41909 0.50051 0.65981 0.85328 0.95645 0.98412 0.98139 0.94703 0.85536 0.71702 0.58983
-0.1992 -0.33567 -0.019018 0.85064 -0.72345 0.16952 -0.24921 -0.1867 -0.25686 -0.43863 0.42534 -0.33696 0.49816 -0.51566 0.82667 0.34273 -0.84263 0.0043008 0.93437 0.77089 -0.082811 -0.86842 -0.96561 -0.7547 -0.23603 0.079149 0.16588 0.53432 -0.94597 -0.99015 -0.9846 -0.91199 -0.49168 -0.1697 -0.0014297 0.23126 0.44778 0.55005 0.59012 0.65749 0.78774 0.93038 0.9837 0.97883 0.95001 0.88615 0.76109 0.59586 0.45454
0.23939 0.29228 0.44809 -0.070625 -0.26396 -0.3896 0.13193 0.062987 0.025936 -0.40909 0.52426 0.044293 0.091608 -0.54943 0.94009 -0.089601 -0.78579 0.38082 0.93763 0.50211 -0.40828 -0.98136 -0.85608 -0.52389 0.061229 0.36044 0.43132 0.7381 -0.83097 -0.96134 -0.94126 -0.80149 -0.28408 0.051043 0.21242 0.42828 0.61902 0.70323 0.73354 0.78581 0.8843 0.97388 0.97834 0.94334 0.89127 0.80169 0.64856 0.46232 0.31141
-0.077114 -0.20036 -0.42405 -0.79208 0.60269 -0.57062 0.38607 0.28707 0.30491 -0.18389 0.40531 0.40977 -0.33801 -0.43192 0.83584 -0.49476 -0.58702 0.68735 0.80307 0.17242 -0.67655 -0.98194 -0.66152 -0.24914 0.34561 0.60524 0.65726 0.88446 -0.66477 -0.87408 -0.84454 -0.65012 -0.067187 0.26365 0.41105 0.60167 0.76041 0.82499 0.84601 0.88303 0.94856 0.98496 0.9431 0.88108 0.80902 0.69784 0.52222 0.32081 0.16461
-0.16779 0.055765 -0.12343 -0.042571 0.62139 -0.20127 0.30784 0.34194 0.4338 0.13181 0.12164 0.64548 -0.66925 -0.2003 0.552 -0.79618 -0.29022 0.88125 0.5597 -0.17146 -0.86048 -0.87867 -0.40747 0.041257 0.59421 0.79726 0.83026 0.96781 -0.46183 -0.73805 -0.70394 -0.46898 0.14753 0.45877 0.58681 0.74596 0.86858 0.91315 0.92585 0.94821 0.98092 0.96577 0.88134 0.79593 0.70735 0.57887 0.38637 0.17542 0.017876
0.24308 0.11789 0.52203 0.70362 -0.20442 0.36954 -0.012588 0.19202 0.3505 0.4008 -0.21472 0.688 -0.82024 0.083098 0.15988 -0.94583 0.049372 0.94191 0.24779 -0.48676 -0.94581 -0.68985 -0.12205 0.3211 0.78992 0.92626 0.94237 0.98757 -0.2371 -0.56462 -0.53026 -0.26938 0.35012 0.62906 0.73402 0.85758 0.94197 0.96707 0.97281 0.98163 0.98278 0.9192 0.79685 0.69196 0.59042 0.44894 0.24501 0.029824 -0.1255
-0.27082 -0.25464 -0.18392 0.2356 -0.75083 0.63094 -0.30906 -0.077591 0.098005 0.51453 -0.48139 0.53554 -0.76381 0.34943 -0.2559 -0.9283 0.37599 0.87027 -0.088341 -0.73926 -0.93064 -0.44001 0.16717 0.56828 0.9219 0.9879 0.9908 0.94726 -0.0049729 -0.36589 -0.33471 -0.062173 0.53244 0.76918 0.84895 0.93476 0.98055 0.98748 0.98783 0.98466 0.95638 0.84862 0.69363 0.57329 0.46228 0.31196 0.10181 -0.11275 -0.26273
0.32887 0.25969 -0.39818 -0.53868 -0.34824 0.36239 -0.3679 -0.31841 -0.20651 0.43262 -0.5896 0.23959 -0.52594 0.54005 -0.61605 -0.75815 0.64211 0.68511 -0.40664 -0.90587 -0.82367 -0.15647 0.43565 0.76599 0.98535 0.98306 0.97725 0.85368 0.22149 -0.15381 -0.12827 0.14275 0.68826 0.87575 0.92962 0.97726 0.98558 0.97621 0.97282 0.95947 0.90458 0.75772 0.57575 0.44395 0.32682 0.17159 -0.039964 -0.24953 -0.39151
-0.29713 -0.083928 0.30996 -0.4298 0.45353 -0.21104 -0.17104 -0.4032 -0.43075 0.19006 -0.50941 -0.11632 -0.17158 0.61791 -0.86038 -0.47275 0.81419 0.41772 -0.67209 -0.9754 -0.6415 0.1337 0.66346 0.90323 0.98095 0.9169 0.90706 0.71591 0.43112 0.060374 0.078875 0.33679 0.81322 0.94716 0.97562 0.98618 0.95936 0.93594 0.93042 0.90883 0.83062 0.65033 0.44717 0.30777 0.18762 0.031106 -0.17748 -0.37821 -0.50997
0.074129 -0.17346 0.24432 0.26617 0.69811 -0.63673 0.12571 -0.2892 -0.48414 -0.12402 -0.27178 -0.44203 0.21565 0.57234 -0.95545 -0.12278 0.87523 0.10591 -0.85958 -0.94784 -0.40586 0.40606 0.83622 0.97468 0.91387 0.79784 0.78828 0.54439 0.61494 0.26669 0.27773 0.51281 0.90476 0.98337 0.98789 0.96366 0.90497 0.86995 0.86381 0.83595 0.738 0.53026 0.31166 0.16827 0.047928 -0.10659 -0.30833 -0.49694 -0.61672
0.24556 0.27647 -0.2944 0.51849 0.1612 -0.59777 0.32464 -0.031599 -0.34924 -0.40307 0.048353 -0.6633 0.55404 0.4175 -0.89595 0.23746 0.82454 -0.21161 -0.95514 -0.83257 -0.14067 0.64047 0.94536 0.98023 0.79273 0.63652 0.63077 0.35013 0.7663 0.45668 0.4607 0.66528 0.96191 0.98565 0.96844 0.91264 0.82602 0.78194 0.77651 0.74427 0.63032 0.4012 0.17274 0.028678 -0.08936 -0.23901 -0.43053 -0.60429 -0.71072
-0.52371 -0.081896 -0.1334 0.075264 -0.5136 -0.13028 0.31637 0.25083 -0.080625 -0.55961 0.35895 -0.7365 0.78007 0.18638 -0.70124 0.55836 0.6753 -0.49983 -0.95566 -0.64597 0.13033 0.82208 0.98783 0.92415 0.62847 0.44473 0.44531 0.14401 0.88086 0.62359 0.62174 0.79023 0.98512 0.95632 0.92012 0.83665 0.72648 0.67582 0.67221 0.63736 0.51112 0.26666 0.033588 -0.10818 -0.22175 -0.36405 -0.5425 -0.69921 -0.79132
0.67587 -0.20788 0.21385 -0.40741 -0.61856 0.43602 0.12888 0.43425 0.2228 -0.55006 0.57806 -0.65381 0.85809 -0.07762 -0.40861 0.80099 0.45094 -0.73079 -0.86753 -0.40888 0.38562 0.94162 0.96547 0.81411 0.43329 0.23461 0.24287 -0.063779 0.9564 0.76242 0.75637 0.88519 0.97598 0.89851 0.84639 0.73957 0.61044 0.55556 0.55462 0.51875 0.38385 0.12985 -0.10298 -0.23985 -0.34712 -0.48001 -0.64304 -0.78102 -0.8582
-0.64973 0.20106 0.053948 -0.35424 -0.10409 0.72659 -0.11365 0.44284 0.45678 -0.38232 0.65376 -0.44002 0.7828 -0.32954 -0.065139 0.9406 0.18084 -0.88538 -0.70453 -0.14399 0.60726 0.99524 0.88413 0.66017 0.21978 0.017859 0.034034 -0.26411 0.99263 0.86987 0.86163 0.94903 0.93701 0.81592 0.75109 0.62548 0.48201 0.42504 0.42738 0.39187 0.25175 -0.0063235 -0.2345 -0.36425 -0.46376 -0.58554 -0.73132 -0.84934 -0.91129
0.45458 0.11974 -0.12824 0.096442 0.47492 0.56595 -0.27643 0.27509 0.54685 -0.10758 0.57326 -0.14307 0.57592 -0.53038 0.28033 0.9675 -0.1038 -0.95401 -0.48551 0.12627 0.78177 0.98396 0.75264 0.47379 5.2107e-05 -0.1948 -0.17153 -0.4492 0.99088 0.9442 0.93594 0.98184 0.87142 0.71261 0.63827 0.49845 0.34515 0.28801 0.29397 0.25996 0.1178 -0.13928 -0.35892 -0.47971 -0.57029 -0.67965 -0.80679 -0.90408 -0.95078
-0.14216 -0.23697 0.024312 0.39995 0.57262 0.06432 -0.28678 -0.0026728 0.46864 0.1986 0.36105 0.1781 0.27862 -0.65235 0.58392 0.88597 -0.37357 -0.93604 -0.23193 0.38152 0.90042 0.91286 0.58186 0.26696 -0.21477 -0.39402 -0.36536 -0.61278 0.95382 0.9851 0.979 0.9847 0.7829 0.59278 0.51202 0.36247 0.20363 0.14792 0.1576 0.12599 -0.015313 -0.26681 -0.47452 -0.58489 -0.66567 -0.76166 -0.8692 -0.94537 -0.97705
-0.18978 -0.11138 0.087668 0.25549 0.14529 -0.47769 -0.15898 -0.28738 0.24987 0.45847 0.068769 0.46577 -0.057828 -0.68158 0.81159 0.71171 -0.60352 -0.83859 0.034289 0.60469 0.95916 0.79013 0.38366 0.051418 -0.41503 -0.5721 -0.54042 -0.75013 0.88513 0.99347 0.99155 0.95954 0.6754 0.46066 0.37636 0.22132 0.060891 0.0079473 0.021216 -0.0073064 -0.14519 -0.38704 -0.57997 -0.67877 -0.74919 -0.83116 -0.91854 -0.97355 -0.99063
0.39884 0.32156 -0.102 -0.14214 -0.38598 -0.75925 0.029072 -0.47944 -0.043393 0.61145 -0.23928 0.67328 -0.38134 -0.61825 0.94182 0.46851 -0.77503 -0.67471 0.29261 0.78278 0.95823 0.62612 0.17013 -0.16191 -0.5928 -0.72309 -0.6912 -0.85802 0.78922 0.97119 0.97526 0.9089 0.55301 0.32034 0.23511 0.07849 -0.079957 -0.1291 -0.11255 -0.13754 -0.26979 -0.49844 -0.67424 -0.76069 -0.8204 -0.88801 -0.95502 -0.98913 -0.9922
-0.36857 0.12341 -0.12991 -0.37968 -0.56005 -0.64157 0.1845 -0.51624 -0.32922 0.62628 -0.5009 0.7713 -0.64683 -0.47477 0.96631 0.18451 -0.87658 -0.46146 0.52522 0.90719 0.90145 0.43238 -0.047137 -0.36337 -0.74201 -0.8428 -0.81374 -0.93466 0.67094 0.92095 0.93245 0.83579 0.41977 0.1757 0.091802 -0.062859 -0.21618 -0.26077 -0.24142 -0.26263 -0.38735 -0.5998 -0.75662 -0.8302 -0.8791 -0.93227 -0.97899 -0.99274 -0.98254
0.086957 -0.47676 0.12693 -0.24371 -0.25921 -0.20104 0.24419 -0.38893 -0.53332 0.50462 -0.66798 0.75028 -0.8216 -0.27258 0.88901 -0.1111 -0.90381 -0.21796 0.71799 0.97365 0.79557 0.22082 -0.2576 -0.5449 -0.85844 -0.92875 -0.90556 -0.97956 0.53537 0.84601 0.86602 0.74353 0.27959 0.030302 -0.050335 -0.19994 -0.34544 -0.38497 -0.36343 -0.3808 -0.49645 -0.69023 -0.82668 -0.88715 -0.92532 -0.96418 -0.99097 -0.98511 -0.96247
0.2893 -0.10223 0.23872 0.1184 0.24459 0.33392 0.19653 -0.13987 -0.60711 0.27683 -0.71384 0.61927 -0.88807 -0.038367 0.72397 -0.39113 -0.85891 0.036431 0.86091 0.9819 0.64934 0.0030349 -0.45215 -0.70013 -0.93967 -0.97999 -0.96552 -0.99334 0.38758 0.75001 0.7792 0.6356 0.13613 -0.11264 -0.18845 -0.33033 -0.46577 -0.5 -0.47698 -0.4906 -0.59596 -0.76909 -0.88423 -0.93158 -0.95927 -0.98413 -0.99159 -0.96705 -0.9329
-0.46466 0.65597 -0.025979 0.37347 0.54884 0.70978 0.07642 0.15516 -0.53682 -0.0075811 -0.63542 0.40226 -0.84399 0.19978 0.49249 -0.63248 -0.74949 0.28352 0.94819 0.9351 0.47283 -0.21028 -0.62332 -0.82448 -0.98491 -0.99696 -0.99372 -0.97754 0.23247 0.63681 0.67542 0.51552 -0.0072301 -0.25031 -0.32006 -0.45203 -0.5756 -0.60448 -0.58076 -0.59088 -0.68502 -0.83601 -0.92928 -0.9637 -0.98129 -0.99266 -0.98156 -0.93943 -0.89473
0.21331 0.062536 -0.3046 0.30377 0.43402 0.76678 -0.057997 0.41203 -0.34293 -0.29195 -0.45099 0.13285 -0.70072 0.41575 0.22002 -0.81768 -0.58732 0.50745 0.97806 0.8392 0.27663 -0.40975 -0.76546 -0.91509 -0.9948 -0.98125 -0.99127 -0.93448 0.074674 0.51037 0.55823 0.38672 -0.14748 -0.38028 -0.44309 -0.56338 -0.67372 -0.69738 -0.67379 -0.68074 -0.76304 -0.89084 -0.96203 -0.98389 -0.99189 -0.99037 -0.96167 -0.90313 -0.84891
0.32045 -0.81666 -0.19218 -0.026863 -0.0017519 0.49733 -0.15286 0.56224 -0.071889 -0.524 -0.19449 -0.15144 -0.48001 0.58801 -0.066799 -0.93552 -0.38679 0.69548 0.95229 0.70219 0.071231 -0.58758 -0.87469 -0.97071 -0.97119 -0.93539 -0.96016 -0.86705 -0.081609 0.37455 0.43113 0.25252 -0.28197 -0.50054 -0.55585 -0.66313 -0.75925 -0.77797 -0.75535 -0.75957 -0.82965 -0.93362 -0.98285 -0.99265 -0.99164 -0.97798 -0.93274 -0.85906 -0.79634
-0.58383 -0.054078 0.18189 -0.34811 -0.44581 0.030006 -0.17853 0.56946 0.21674 -0.66479 0.09167 -0.41454 -0.21019 0.70131 -0.34271 -0.98114 -0.16359 0.83835 0.87565 0.53338 -0.13347 -0.7377 -0.94884 -0.99149 -0.91693 -0.86263 -0.90303 -0.77853 -0.23263 0.23309 0.29749 0.11602 -0.40845 -0.60949 -0.657 -0.75033 -0.83163 -0.84582 -0.825 -0.82697 -0.88468 -0.96457 -0.99223 -0.9906 -0.98123 -0.95623 -0.89561 -0.80814 -0.73794
0.14273 0.93605 0.35339 -0.40683 -0.60039 -0.43983 -0.13614 0.43549 0.46398 -0.69395 0.3641 -0.62612 0.077842 0.74742 -0.58585 -0.9555 0.066592 0.93042 0.75517 0.34276 -0.32857 -0.85582 -0.98733 -0.97885 -0.83557 -0.76674 -0.82304 -0.67247 -0.37515 0.089477 0.16052 -0.019962 -0.52505 -0.70589 -0.74555 -0.82437 -0.89056 -0.90073 -0.8825 -0.88277 -0.92816 -0.98404 -0.99076 -0.97841 -0.96137 -0.92591 -0.85114 -0.75124 -0.67459
0.61917 0.12206 0.12428 -0.15534 -0.37011 -0.7345 -0.051447 0.19599 0.62313 -0.611 0.5849 -0.76445 0.35414 0.72508 -0.77907 -0.86457 0.2891 0.96953 0.59949 0.14034 -0.50649 -0.93934 -0.99094 -0.93521 -0.73121 -0.65179 -0.72365 -0.55252 -0.50646 -0.053093 0.023178 -0.15287 -0.63027 -0.78888 -0.82086 -0.88491 -0.93601 -0.94271 -0.92784 -0.92696 -0.96026 -0.99249 -0.97909 -0.95682 -0.93285 -0.88783 -0.8002 -0.68925 -0.60712
-0.69559 -1 -0.23479 0.22637 0.10007 -0.75791 0.038941 -0.091318 0.66736 -0.43313 0.72631 -0.81788 0.59269 0.6393 -0.91074 -0.71821 0.49112 0.95666 0.41819 -0.064263 -0.66107 -0.98726 -0.96162 -0.86376 -0.60823 -0.52202 -0.60852 -0.42232 -0.62439 -0.19176 -0.11187 -0.28047 -0.723 -0.85789 -0.88255 -0.93189 -0.96815 -0.972 -0.96117 -0.95971 -0.98129 -0.9905 -0.95798 -0.92661 -0.89645 -0.84282 -0.74362 -0.62299 -0.53636
-0.2273 -0.27842 -0.34227 0.46986 0.5321 -0.5193 0.10229 -0.36184 0.59251 -0.19056 0.77327 -0.78484 0.77339 0.50012 -0.97488 -0.529 0.66224 0.89545 0.22114 -0.26229 -0.7877 -1 -0.90227 -0.7683 -0.47114 -0.38166 -0.48136 -0.28541 -0.72728 -0.32402 -0.24226 -0.40084 -0.80244 -0.9127 -0.93052 -0.96543 -0.98734 -0.98896 -0.9828 -0.98132 -0.99168 -0.97869 -0.92819 -0.88858 -0.85298 -0.79167 -0.68222 -0.55328 -0.46305
0.98572 0.97439 -0.11778 0.40487 0.68293 -0.11575 0.12022 -0.55874 0.41544 0.079392 0.72389 -0.67284 0.8832 0.32118 -0.97087 -0.31101 0.79475 0.79168 0.018014 -0.44608 -0.88328 -0.97919 -0.81648 -0.65297 -0.32444 -0.23481 -0.34582 -0.14516 -0.81395 -0.44775 -0.36592 -0.51238 -0.8681 -0.95329 -0.96488 -0.98587 -0.99409 -0.99412 -0.99316 -0.99219 -0.99195 -0.95777 -0.89051 -0.84355 -0.80324 -0.7352 -0.6168 -0.48086 -0.3879
-0.38959 0.50683 0.19163 0.066875 0.47216 0.31194 0.092529 -0.64407 0.16889 0.33842 0.58817 -0.49656 0.91643 0.11817 -0.90282 -0.07877 0.88375 0.65266 -0.18215 -0.60928 -0.94618 -0.92745 -0.70835 -0.52212 -0.17245 -0.085352 -0.20542 -0.004673 -0.88369 -0.5612 -0.48115 -0.61381 -0.91979 -0.97992 -0.98596 -0.99372 -0.98905 -0.9881 -0.9928 -0.99285 -0.98266 -0.92847 -0.84577 -0.79233 -0.74803 -0.67418 -0.54809 -0.40644 -0.31158
-0.76136 -0.83379 0.30454 -0.33588 0.0085447 0.63008 0.034313 -0.60432 -0.10552 0.55259 0.3854 -0.27558 0.87434 -0.092641 -0.77867 0.15372 0.92706 0.4867 -0.3713 -0.74695 -0.97606 -0.8482 -0.58228 -0.38013 -0.01921 0.063139 -0.063433 0.13321 -0.93618 -0.66297 -0.58651 -0.70413 -0.95754 -0.99302 -0.99425 -0.98958 -0.97294 -0.97161 -0.98232 -0.98386 -0.96447 -0.89154 -0.79475 -0.73571 -0.6881 -0.60935 -0.47683 -0.3307 -0.23469
0.59942 -0.7522 0.16147 -0.558 -0.4796 0.75222 -0.031151 -0.4507 -0.36477 0.69632 0.14089 -0.031945 0.76413 -0.29575 -0.60916 0.37374 0.925 0.30258 -0.54256 -0.85556 -0.9738 -0.74538 -0.44277 -0.23126 0.13157 0.20744 0.077115 0.26599 -0.97148 -0.75201 -0.68091 -0.78261 -0.98163 -0.99318 -0.99035 -0.9742 -0.94658 -0.94542 -0.96243 -0.96586 -0.93805 -0.84776 -0.73828 -0.67447 -0.62422 -0.54142 -0.40368 -0.25423 -0.15779
0.66672 0.55721 -0.077483 -0.46447 -0.76327 0.65791 -0.080825 -0.21448 -0.57114 0.75472 -0.1175 0.21212 0.59768 -0.47742 -0.40683 0.5704 0.88005 0.10906 -0.69042 -0.93297 -0.94123 -0.62331 -0.29431 -0.079585 0.27657 0.34472 0.21352 0.39149 -0.98996 -0.8276 -0.76351 -0.84879 -0.99248 -0.98113 -0.97502 -0.94839 -0.91083 -0.91036 -0.93384 -0.93954 -0.90411 -0.79788 -0.67711 -0.60936 -0.5571 -0.47108 -0.32926 -0.17761 -0.081395
-0.79991 0.93952 -0.21819 -0.10134 -0.71626 0.38934 -0.098886 0.060599 -0.69713 0.7242 -0.36265 0.43618 0.39005 -0.62648 -0.18503 0.73504 0.79649 -0.08549 -0.81074 -0.97831 -0.88101 -0.48647 -0.1412 0.071143 0.41294 0.47257 0.3434 0.50787 -0.99227 -0.88932 -0.83377 -0.90244 -0.99069 -0.95769 -0.94907 -0.91301 -0.86661 -0.86727 -0.89731 -0.90561 -0.86336 -0.74267 -0.61201 -0.5411 -0.4874 -0.39896 -0.25416 -0.10134 -0.0059499
-0.50176 -0.14889 -0.19013 0.3381 -0.36117 0.030644 -0.080579 0.32708 -0.72827 0.61171 -0.57091 0.62312 0.15795 -0.73478 0.043026 0.86135 0.67995 -0.2734 -0.90078 -0.9919 -0.7964 -0.33937 0.012521 0.21753 0.53827 0.589 0.46474 0.61364 -0.97928 -0.937 -0.89137 -0.94354 -0.97699 -0.92379 -0.91337 -0.86897 -0.81483 -0.81702 -0.85363 -0.86477 -0.81653 -0.68287 -0.5437 -0.47036 -0.41578 -0.32564 -0.1789 -0.0259 0.068133
0.86849 -0.97785 -0.059529 0.62414 0.1532 -0.32023 -0.032334 0.54204 -0.66377 0.43276 -0.724 0.76015 -0.081617 -0.79738 0.26493 0.94549 0.537 -0.44795 -0.95911 -0.97502 -0.69112 -0.18638 0.16316 0.35658 0.65061 0.69242 0.57586 0.70763 -0.95203 -0.97072 -0.93623 -0.97225 -0.95219 -0.88037 -0.86885 -0.81721 -0.75641 -0.76047 -0.80358 -0.81776 -0.76433 -0.6192 -0.47286 -0.3978 -0.34282 -0.25169 -0.10398 0.048308 0.14049
0.28247 -0.34276 0.065227 0.61002 0.62264 -0.57837 0.031066 0.67354 -0.51513 0.20883 -0.81019 0.8393 -0.3126 -0.81251 0.46969 0.98589 0.37478 -0.60352 -0.98553 -0.92984 -0.56914 -0.031629 0.30741 0.48574 0.74845 0.78165 0.6754 0.78896 -0.91172 -0.99079 -0.96844 -0.98888 -0.91718 -0.82845 -0.81646 -0.75865 -0.69227 -0.69847 -0.74792 -0.7653 -0.70746 -0.55234 -0.40014 -0.32402 -0.26909 -0.1776 -0.029826 0.12091 0.21081
-0.64069 0.76566 0.12368 0.29873 0.87084 -0.69096 0.091216 0.70444 -0.3035 -0.035557 -0.82469 0.85751 -0.52084 -0.78131 0.64815 0.98311 0.20055 -0.73565 -0.98089 -0.85916 -0.43454 0.12105 0.44245 0.6029 0.83073 0.85588 0.76236 0.85708 -0.85961 -0.99765 -0.98828 -0.99388 -0.87291 -0.76903 -0.75716 -0.69424 -0.6233 -0.63185 -0.68744 -0.7081 -0.6466 -0.48295 -0.32615 -0.24956 -0.1951 -0.10384 0.043152 0.19157 0.27881
-0.30567 0.78605 0.12152 -0.16646 0.81164 -0.64477 0.13111 0.63343 -0.056096 -0.27563 -0.76923 0.81628 -0.6948 -0.70748 0.79323 0.93953 0.021456 -0.84113 -0.94697 -0.7663 -0.29141 0.26824 0.56588 0.70638 0.89676 0.91466 0.83603 0.91168 -0.79708 -0.99193 -0.99616 -0.98781 -0.82036 -0.70312 -0.69188 -0.62486 -0.55036 -0.56143 -0.62286 -0.64686 -0.58241 -0.41165 -0.25144 -0.17494 -0.12132 -0.030828 0.1146 0.26002 0.34425
0.35561 -0.24585 0.090834 -0.57678 0.47177 -0.46332 0.13922 0.47378 0.19765 -0.48886 -0.6513 0.72103 -0.82594 -0.59673 0.90004 0.85906 -0.15578 -0.91789 -0.88629 -0.65491 -0.14368 0.40692 0.67576 0.79493 0.94625 0.95784 0.89598 0.95269 -0.7255 -0.97437 -0.99263 -0.97133 -0.7605 -0.63172 -0.62157 -0.55142 -0.4743 -0.48797 -0.55491 -0.58222 -0.51553 -0.33903 -0.17655 -0.10064 -0.048173 0.041056 0.18422 0.326 0.40694
0.46193 -0.93745 0.047928 -0.75368 -0.029426 -0.19625 0.11187 0.24993 0.4296 -0.65683 -0.48284 0.58036 -0.90891 -0.45631 0.96584 0.74674 -0.32507 -0.96501 -0.80196 -0.52883 0.0049166 0.53456 0.77064 0.86771 0.97922 0.98555 0.94205 0.98025 -0.64627 -0.94581 -0.97832 -0.94516 -0.69433 -0.55581 -0.54712 -0.47476 -0.39589 -0.41221 -0.48427 -0.51485 -0.44654 -0.26562 -0.10195 -0.027086 0.023947 0.11147 0.25172 0.38931 0.46671
-0.17595 -0.44793 -0.012821 -0.62307 -0.52756 0.095273 0.053653 -0.0068314 0.61592 -0.76652 -0.2788 0.40508 -0.9415 -0.29439 0.98991 0.60845 -0.48111 -0.98257 -0.6975 -0.39196 0.15096 0.64906 0.84946 0.92424 0.99599 0.99819 0.9743 0.9947 -0.56078 -0.90714 -0.95396 -0.91006 -0.62284 -0.47632 -0.4694 -0.39567 -0.31588 -0.33483 -0.41158 -0.44533 -0.37602 -0.19194 -0.028074 0.045338 0.094692 0.18012 0.31687 0.44977 0.52343
-0.49743 0.55886 -0.094164 -0.238 -0.8695 0.35274 -0.024128 -0.26306 0.73911 -0.81086 -0.055717 0.20729 -0.9244 -0.11961 0.97338 0.45056 -0.61946 -0.97154 -0.57668 -0.24816 0.29136 0.74881 0.9116 0.9644 0.99714 0.99634 0.99301 0.99653 -0.47037 -0.85933 -0.92032 -0.86687 -0.54695 -0.39415 -0.38925 -0.31494 -0.23497 -0.2565 -0.33747 -0.37425 -0.30448 -0.11844 0.044685 0.11628 0.16375 0.24674 0.37947 0.50723 0.57699
0.030206 0.89243 -0.17187 0.25102 -0.95874 0.53145 -0.10607 -0.4876 0.78922 -0.78875 0.16974 -0.00048923 -0.86083 0.059426 0.91896 0.27961 -0.73664 -0.93367 -0.44341 -0.10111 0.42343 0.83262 0.9568 0.98834 0.98344 0.98077 0.99861 0.98635 -0.37633 -0.80337 -0.87822 -0.8164 -0.4676 -0.31015 -0.30745 -0.23327 -0.1538 -0.1778 -0.2625 -0.30214 -0.23242 -0.045544 0.11597 0.18544 0.23086 0.3111 0.43934 0.56159 0.62731
0.31434 0.23824 -0.19832 0.66019 -0.77785 0.60679 -0.17597 -0.65508 0.76404 -0.7045 0.38197 -0.20613 -0.75612 0.23458 0.83062 0.10207 -0.83012 -0.87134 -0.30159 0.045715 0.54486 0.89973 0.98513 0.99651 0.95584 0.95239 0.99171 0.96491 -0.27991 -0.74026 -0.8285 -0.75949 -0.38566 -0.22511 -0.22472 -0.15132 -0.072963 -0.099302 -0.1872 -0.22951 -0.16031 0.026359 0.18547 0.25254 0.29577 0.37301 0.49635 0.61276 0.67434
0.11034 -0.62845 -0.13323 0.84268 -0.38579 0.57557 -0.2199 -0.74837 0.66856 -0.56698 0.56741 -0.39853 -0.61718 0.39846 0.7133 -0.075898 -0.89828 -0.78739 -0.15503 0.18914 0.65378 0.94976 0.99697 0.98957 0.91545 0.91223 0.97301 0.93302 -0.18227 -0.671 -0.77204 -0.69699 -0.30196 -0.13977 -0.14175 -0.0697 0.0069899 -0.021506 -0.11207 -0.15681 -0.08854 0.096925 0.25291 0.31734 0.35828 0.43229 0.55038 0.66067 0.71806
-0.0061438 -0.81521 0.021434 0.73758 0.10614 0.45319 -0.22864 -0.7597 0.5138 -0.38842 0.71524 -0.56814 -0.45197 0.54472 0.57263 -0.24862 -0.9404 -0.68502 -0.0073337 0.32633 0.74872 0.98269 0.99295 0.96838 0.86347 0.8614 0.94334 0.89156 -0.084474 -0.59659 -0.70968 -0.62972 -0.21727 -0.054815 -0.059167 0.011024 0.085571 0.055124 -0.037555 -0.084468 -0.017512 0.16584 0.31804 0.37964 0.41822 0.4888 0.60134 0.7053 0.75844
-0.15903 -0.21614 0.20893 0.38402 0.5689 0.268 -0.19904 -0.6906 0.31524 -0.18317 0.81782 -0.70733 -0.26906 0.6682 0.41462 -0.41104 -0.95654 -0.56765 0.13817 0.4548 0.82858 0.99881 0.97392 0.93395 0.80115 0.80105 0.90358 0.84145 0.012473 -0.51798 -0.64228 -0.55848 -0.13233 0.02913 0.022454 0.090349 0.16234 0.13017 0.035939 -0.012882 0.052434 0.23284 0.38066 0.43927 0.47543 0.54245 0.64918 0.74661 0.79549
-0.25716 0.52679 0.33961 -0.099483 0.89016 0.05452 -0.13428 -0.55087 0.091016 0.033541 0.87082 -0.81053 -0.077125 0.76501 0.24539 -0.55883 -0.94748 -0.43881 0.27845 0.57246 0.89268 0.99868 0.9409 0.88741 0.72982 0.73237 0.85467 0.78364 0.10767 -0.4361 -0.57067 -0.48406 -0.047798 0.1115 0.1026 0.16782 0.2369 0.20327 0.10804 0.057597 0.12099 0.29768 0.44059 0.49609 0.5298 0.59314 0.69384 0.78461 0.82924
0.053969 0.7457 0.33581 -0.55943 1 -0.15308 -0.043067 -0.35675 -0.13983 0.24676 0.87316 -0.87438 0.11545 0.83258 0.070971 -0.68846 -0.91463 -0.30201 0.41083 0.67759 0.94065 0.9831 0.89505 0.82998 0.65081 0.65659 0.79761 0.71911 0.2003 -0.35185 -0.49566 -0.40719 0.035707 0.19179 0.18079 0.24303 0.30891 0.27408 0.17842 0.12665 0.18786 0.36015 0.49768 0.54998 0.58124 0.6408 0.73532 0.81931 0.85973
0.3075 0.33328 0.175 -0.85751 0.88292 -0.32615 0.061955 -0.12876 -0.35901 0.4428 0.82675 -0.89759 0.30088 0.86963 -0.10294 -0.79719 -0.8599 -0.16068 0.53304 0.76887 0.97245 0.95305 0.83763 0.76293 0.56545 0.57489 0.73337 0.64881 0.28965 -0.26607 -0.41803 -0.32859 0.11763 0.26955 0.25662 0.31563 0.37806 0.34233 0.24678 0.194 0.25282 0.42006 0.55182 0.60085 0.62967 0.6854 0.77359 0.85075 0.887
0.11307 -0.28655 -0.092509 -0.91043 0.57552 -0.44482 0.16624 0.11074 -0.55032 0.61002 0.73607 -0.88084 0.47228 0.87608 -0.27107 -0.88308 -0.78559 -0.018103 0.64317 0.84534 0.98834 0.90969 0.77 0.68757 0.47505 0.48846 0.66296 0.57368 0.37507 -0.17955 -0.33851 -0.24893 0.19748 0.34438 0.32972 0.3853 0.44411 0.40776 0.31286 0.25938 0.31565 0.47728 0.60291 0.64863 0.67505 0.7269 0.80868 0.87897 0.91111
-0.097602 -0.61572 -0.36112 -0.70911 0.15267 -0.49939 0.25547 0.33975 -0.70072 0.73937 0.60766 -0.82651 0.62379 0.8529 -0.42878 -0.94497 -0.69433 0.12269 0.7397 0.90637 0.9888 0.85427 0.69353 0.60522 0.38086 0.39842 0.58738 0.49467 0.45604 -0.093024 -0.25779 -0.16882 0.2748 0.41594 0.39978 0.45178 0.50682 0.47016 0.37644 0.32259 0.37615 0.53168 0.65087 0.69327 0.71733 0.7653 0.8406 0.90403 0.93213
-0.12116 -0.47448 -0.51461 -0.31476 -0.29275 -0.48986 0.31747 0.53863 -0.80097 0.82468 0.44956 -0.73845 0.75079 0.80203 -0.57205 -0.98242 -0.58893 0.25893 0.82151 0.95168 0.97455 0.78814 0.60962 0.5172 0.28412 0.30589 0.5076 0.41265 0.53208 -0.0071723 -0.17654 -0.08885 0.3492 0.48394 0.46652 0.51485 0.56603 0.52936 0.43734 0.38342 0.43416 0.58316 0.69567 0.73475 0.75652 0.80061 0.8694 0.92598 0.95014
-0.1884 -0.04626 -0.47687 0.16376 -0.67102 -0.42422 0.34369 0.69157 -0.84594 0.86273 0.27074 -0.62162 0.84984 0.72619 -0.69761 -0.99564 -0.47231 0.38814 0.88784 0.98126 0.94647 0.71268 0.51966 0.42478 0.18597 0.21189 0.42454 0.32848 0.60281 0.077384 -0.095357 -0.0095539 0.42035 0.54812 0.52971 0.57432 0.62159 0.58522 0.49538 0.44171 0.48956 0.63164 0.73726 0.77305 0.7926 0.83284 0.89512 0.94491 0.96522
-0.14149 0.34617 -0.24583 0.60247 -0.91319 -0.31602 0.3301 0.78758 -0.83457 0.85321 0.080574 -0.48178 0.91878 0.62868 -0.80292 -0.98544 -0.34745 0.5082 0.93824 0.99537 0.90561 0.62934 0.42502 0.32919 0.087493 0.11739 0.33911 0.24297 0.66794 0.16008 -0.014805 0.068579 0.48795 0.6083 0.58917 0.63004 0.67338 0.63761 0.55043 0.49733 0.54223 0.67706 0.77564 0.80819 0.8256 0.86203 0.91783 0.96088 0.97746
0.21299 0.48369 0.10357 0.8948 -0.98203 -0.18168 0.27743 0.82096 -0.76957 0.79841 -0.11168 -0.3252 0.95664 0.51328 -0.88618 -0.95312 -0.21727 0.6173 0.97262 0.99453 0.8531 0.53953 0.32702 0.23163 -0.010308 0.023308 0.25217 0.15688 0.72723 0.24041 0.064601 0.14511 0.55177 0.66431 0.64475 0.68189 0.72133 0.68646 0.60238 0.55016 0.59208 0.7194 0.81082 0.84018 0.85554 0.88822 0.93758 0.974 0.98696
0.43641 0.34427 0.44744 0.97595 -0.8754 -0.038028 0.19087 0.79123 -0.65689 0.70285 -0.29732 -0.15833 0.96353 0.38403 -0.9463 -0.90041 -0.08457 0.71399 0.99115 0.9794 0.79019 0.44466 0.22692 0.1332 -0.10651 -0.069529 0.16453 0.070923 0.78051 0.31793 0.14239 0.21963 0.6116 0.71604 0.69633 0.72981 0.76539 0.73171 0.65116 0.60011 0.63905 0.75862 0.84281 0.86905 0.88246 0.91146 0.95445 0.98435 0.99382
0.13763 0.048908 0.6596 0.83426 -0.6225 0.099676 0.079235 0.70276 -0.50506 0.57284 -0.4685 0.012433 0.94058 0.24509 -0.98286 -0.82936 0.047972 0.79714 0.99424 0.95087 0.71815 0.34608 0.12593 0.034948 -0.20028 -0.16036 0.076925 -0.01425 0.82769 0.39224 0.21815 0.29179 0.66728 0.7634 0.74383 0.77373 0.80553 0.77332 0.69671 0.64711 0.68308 0.79474 0.87164 0.89485 0.90641 0.93182 0.96852 0.99202 0.99813
-0.32868 -0.24242 0.65801 0.5089 -0.27507 0.2191 -0.046163 0.56392 -0.32437 0.41601 -0.61857 0.18101 0.88974 0.10064 -0.99604 -0.74229 0.17789 0.86596 0.98254 0.90992 0.63832 0.24512 0.025155 -0.062166 -0.29087 -0.24851 -0.0099357 -0.098039 0.8687 0.463 0.29151 0.36127 0.7187 0.80634 0.7872 0.81362 0.84175 0.81127 0.73897 0.69111 0.72415 0.82775 0.89735 0.91763 0.92746 0.94935 0.97988 0.99712 1
-0.45031 -0.4054 0.43367 0.076429 0.10421 0.31153 -0.17284 0.38618 -0.12616 0.24074 -0.74219 0.34182 0.81371 -0.04529 -0.98658 -0.64168 0.30294 0.91996 0.95688 0.85767 0.552 0.14302 -0.074365 -0.15726 -0.37762 -0.33336 -0.095417 -0.1799 0.90356 0.52992 0.36212 0.42781 0.76577 0.84484 0.82642 0.84949 0.87407 0.84559 0.77794 0.73209 0.76223 0.85768 0.92001 0.93746 0.94565 0.96415 0.98862 0.99975 0.99953
-0.20952 -0.3813 0.052841 -0.36916 0.45338 0.37205 -0.28844 0.18296 0.077971 0.055763 -0.83547 0.4899 0.7157 -0.1889 -0.9557 -0.53009 0.42114 0.95893 0.91823 0.79528 0.46052 0.04094 -0.17169 -0.24953 -0.45994 -0.41438 -0.17894 -0.25934 0.9323 0.59277 0.42971 0.49116 0.80844 0.87892 0.86149 0.88136 0.90251 0.87628 0.81361 0.77001 0.79733 0.88458 0.93967 0.9544 0.96108 0.97628 0.99482 1 0.99683
0.16349 -0.18295 -0.36645 -0.73754 0.72113 0.39922 -0.38198 -0.031425 0.27682 -0.13034 -0.89597 0.62107 0.59935 -0.32668 -0.90498 -0.41017 0.53075 0.98293 0.86771 0.724 0.36516 -0.060038 -0.26596 -0.33828 -0.53735 -0.4911 -0.25998 -0.33592 0.95503 0.65133 0.49402 0.55114 0.84668 0.90859 0.89243 0.90926 0.92714 0.90338 0.84598 0.80489 0.82945 0.90848 0.95641 0.96853 0.97381 0.98583 0.99858 0.99799 0.992
0.49393 0.10966 -0.69399 -0.95987 0.87349 0.39445 -0.44474 -0.24283 0.46017 -0.30948 -0.92268 0.73195 0.46854 -0.45554 -0.83635 -0.28448 0.63032 0.99224 0.80651 0.6451 0.26715 -0.15892 -0.35642 -0.42288 -0.60943 -0.56314 -0.33806 -0.40927 0.97187 0.70547 0.55484 0.60757 0.88052 0.93392 0.91929 0.93325 0.94803 0.92697 0.8751 0.83674 0.85863 0.92944 0.97029 0.97993 0.98392 0.99289 1 0.99381 0.98515
0.53811 0.3706 -0.82869 -1 0.89686 0.36136 -0.471 -0.43815 0.61927 -0.4744 -0.9159 0.82001 0.3273 -0.57276 -0.75199 -0.15555 0.71867 0.98736 0.73589 0.55983 0.16768 -0.25481 -0.4424 -0.50279 -0.67584 -0.63016 -0.4128 -0.47905 0.98297 0.75507 0.61201 0.66033 0.90997 0.95499 0.94213 0.95341 0.96526 0.94708 0.90099 0.86557 0.88489 0.94752 0.98141 0.98868 0.99151 0.99754 0.99918 0.98757 0.97638
0.07644 0.47453 -0.72837 -0.85806 0.79749 0.30496 -0.45831 -0.60609 0.74709 -0.6189 -0.87713 0.88358 0.17961 -0.6761 -0.65422 -0.025787 0.79488 0.96896 0.65715 0.46947 0.067876 -0.34691 -0.52333 -0.57754 -0.73632 -0.69191 -0.48382 -0.54497 0.98852 0.80005 0.66539 0.70932 0.93509 0.97188 0.96103 0.96981 0.97891 0.96382 0.92371 0.89142 0.90828 0.9628 0.98985 0.99488 0.99666 0.99988 0.99621 0.97938 0.9658
-0.63518 0.35742 -0.41964 -0.56684 0.59805 0.231 -0.40758 -0.73768 0.8386 -0.73799 -0.80891 0.92182 0.029391 -0.7638 -0.5455 0.10258 0.8583 0.93787 0.5716 0.37526 -0.031232 -0.4345 -0.59872 -0.64676 -0.79067 -0.74819 -0.55082 -0.60681 0.98873 0.84037 0.71486 0.75447 0.95595 0.9847 0.97607 0.98256 0.9891 0.97725 0.94332 0.91435 0.92884 0.97534 0.99569 0.99863 0.99946 1 0.9912 0.96934 0.9535
-0.87645 0.057955 0.012903 -0.18279 0.33243 0.14546 -0.32275 -0.82659 0.89077 -0.82802 -0.71461 0.93465 -0.11968 -0.83452 -0.4283 0.22748 0.90851 0.89504 0.48057 0.27838 -0.12868 -0.51698 -0.66817 -0.71014 -0.83876 -0.79884 -0.61356 -0.66437 0.98383 0.87602 0.76036 0.79573 0.97264 0.99357 0.98737 0.99176 0.99593 0.98749 0.95988 0.9344 0.94665 0.98523 0.99905 1 1 0.99799 0.98424 0.95755 0.93959
-0.28721 -0.29147 0.45304 0.22595 0.039573 0.054083 -0.21035 -0.86931 0.9026 -0.88664 -0.59824 0.9227 -0.26417 -0.88742 -0.30511 0.34704 0.94533 0.84149 0.38533 0.17998 -0.22358 -0.59383 -0.73136 -0.76744 -0.88051 -0.84377 -0.67183 -0.71749 0.97406 0.90703 0.80183 0.83308 0.98527 0.99863 0.99505 0.99753 0.99952 0.99462 0.97348 0.95163 0.96176 0.99255 1 0.9991 0.99838 0.99396 0.97543 0.9441 0.92416
0.60374 -0.5251 0.78571 0.59226 -0.2423 -0.037824 -0.078818 -0.86507 0.87493 -0.91285 -0.46429 0.88722 -0.40102 -0.92206 -0.17835 0.45964 0.96878 0.77836 0.28716 0.081144 -0.31515 -0.66462 -0.78805 -0.8185 -0.9159 -0.88293 -0.72547 -0.76607 0.95967 0.93342 0.83926 0.86652 0.99395 1 0.99921 1 1 0.99875 0.98419 0.96611 0.97424 0.99739 0.99865 0.99604 0.9947 0.98798 0.96487 0.9291 0.90731
0.98037 -0.52439 0.92732 0.86082 -0.48048 -0.12557 0.062249 -0.81564 0.81027 -0.90687 -0.31749 0.82998 -0.5275 -0.93842 -0.050333 0.56383 0.9791 0.70681 0.18724 -0.017117 -0.40268 -0.72901 -0.83806 -0.8632 -0.94497 -0.91633 -0.77436 -0.81004 0.94093 0.95527 0.87264 0.89606 0.99882 0.99784 1 0.99929 0.99749 1 0.9921 0.97792 0.98417 0.99984 0.9951 0.99089 0.98904 0.98017 0.95265 0.91264 0.88913
0.56044 -0.27857 0.8459 0.99549 -0.65107 -0.20516 0.20287 -0.72504 0.71256 -0.87005 -0.16268 0.75322 -0.64135 -0.93685 0.076764 0.65844 0.97665 0.62803 0.086724 -0.11387 -0.48556 -0.78673 -0.8813 -0.9015 -0.96778 -0.944 -0.81841 -0.84935 0.91812 0.97266 0.90199 0.92176 1 0.99231 0.99755 0.99553 0.99213 0.99848 0.99731 0.98713 0.99163 1 0.98945 0.98377 0.9815 0.9706 0.93887 0.89482 0.86971
-0.23339 0.10457 0.56513 0.98268 -0.7408 -0.27324 0.33341 -0.59911 0.58688 -0.80471 -0.0046187 0.65948 -0.74069 -0.918 0.20092 0.74249 0.96199 0.54322 -0.013317 -0.20824 -0.56324 -0.8376 -0.91773 -0.9334 -0.98446 -0.96601 -0.8576 -0.88399 0.89151 0.98571 0.92735 0.94367 0.99765 0.98356 0.992 0.98887 0.98404 0.99431 0.99991 0.99382 0.9967 0.99795 0.9818 0.97477 0.97218 0.95938 0.92362 0.87573 0.84915
-0.77539 0.45194 0.15421 0.8311 -0.74726 -0.32715 0.4452 -0.44512 0.43908 -0.71395 0.15212 0.55157 -0.82408 -0.88284 0.32029 0.81523 0.93577 0.45358 -0.11189 -0.29947 -0.63529 -0.8815 -0.94737 -0.95894 -0.99513 -0.98247 -0.8919 -0.91397 0.86139 0.99452 0.94879 0.96184 0.99192 0.97176 0.9835 0.97943 0.97337 0.98762 1 0.99808 0.99946 0.9938 0.97224 0.96399 0.96117 0.94659 0.907 0.85546 0.82752
-0.80331 0.60922 -0.29114 0.56853 -0.67751 -0.36487 0.5311 -0.27124 0.27557 -0.60153 0.30331 0.43244 -0.89049 -0.83257 0.43326 0.87614 0.89876 0.36029 -0.20807 -0.38685 -0.70133 -0.91838 -0.97027 -0.97823 -1 -0.99351 -0.92133 -0.93935 0.82803 0.99923 0.96636 0.97637 0.98297 0.95706 0.97219 0.96737 0.96025 0.97851 0.99768 1 1 0.98763 0.96088 0.95152 0.94856 0.93232 0.88908 0.83408 0.8049
-0.39041 0.50681 -0.6719 0.23571 -0.54595 -0.38499 0.58585 -0.08605 0.10296 -0.47167 0.44512 0.30513 -0.93933 -0.76858 0.53838 0.92488 0.85182 0.26448 -0.30104 -0.46977 -0.76108 -0.94827 -0.98657 -0.99139 -0.99926 -0.9993 -0.94595 -0.96018 0.79171 1 0.98017 0.98734 0.97096 0.93963 0.95822 0.95283 0.94481 0.96711 0.99306 0.99966 0.99841 0.97954 0.94782 0.93746 0.93443 0.91667 0.86995 0.81169 0.78139
0.23059 0.1891 -0.90943 -0.12073 -0.37175 -0.38678 0.6063 0.10182 -0.072211 -0.32884 0.57423 0.17265 -0.97034 -0.69243 0.63445 0.9613 0.79588 0.16724 -0.39006 -0.54771 -0.81431 -0.97122 -0.99642 -0.99858 -0.99314 -1 -0.96583 -0.97655 0.7527 0.99697 0.99031 0.99486 0.95605 0.91964 0.94175 0.93594 0.92719 0.95355 0.98624 0.99716 0.99478 0.96963 0.93314 0.9219 0.91889 0.89971 0.84971 0.78837 0.75705
0.77219 -0.20548 -0.96037 -0.45461 -0.17616 -0.37011 0.59146 0.28412 -0.24367 -0.17765 0.68781 0.037938 -0.98366 -0.60578 0.72047 0.98545 0.7319 0.069616 -0.47447 -0.62021 -0.86087 -0.98735 -1 -1 -0.98189 -0.99582 -0.98105 -0.98856 0.71129 0.9903 0.99688 0.99904 0.9384 0.89726 0.92292 0.91686 0.90753 0.93795 0.97732 0.99258 0.98919 0.95799 0.91695 0.90493 0.90201 0.88153 0.82842 0.7642 0.73196
0.91336 -0.51539 -0.82151 -0.72602 0.020228 -0.33556 0.54241 0.45336 -0.40566 -0.022677 0.78364 -0.096188 -0.97972 -0.51037 0.79565 0.9975 0.66089 -0.027423 -0.55369 -0.68689 -0.90069 -0.99682 -0.99755 -0.99587 -0.96577 -0.98698 -0.99173 -0.99633 0.66772 0.98018 1 1 0.91819 0.87264 0.90187 0.89571 0.88596 0.92042 0.9664 0.98603 0.98174 0.94471 0.89933 0.88663 0.88388 0.86221 0.80617 0.73924 0.70619
0.5007 -0.62007 -0.52807 -0.90608 0.19943 -0.28432 0.4622 0.603 -0.55307 0.13167 0.86007 -0.22711 -0.95923 -0.40797 0.85941 0.99779 0.58387 -0.12297 -0.62726 -0.74747 -0.93374 -0.99983 -0.98931 -0.98643 -0.94506 -0.9737 -0.998 -1 0.62227 0.96676 0.9998 0.99785 0.89557 0.84596 0.87876 0.87263 0.86261 0.90109 0.9536 0.97759 0.97252 0.92989 0.88038 0.86711 0.86458 0.84183 0.78304 0.71357 0.6798
-0.27979 -0.48383 -0.14349 -0.97879 0.34736 -0.2183 0.35547 0.72766 -0.68157 0.28127 0.91598 -0.35241 -0.92316 -0.30036 0.91135 0.98677 0.50187 -0.21619 -0.69477 -0.8017 -0.96004 -0.99662 -0.97557 -0.97194 -0.92004 -0.95621 -1 -0.99971 0.57517 0.95023 0.9964 0.99274 0.87071 0.81736 0.85373 0.84777 0.83761 0.88007 0.93902 0.96735 0.96161 0.91361 0.86019 0.84644 0.8442 0.82046 0.75909 0.68727 0.65287
-0.93237 -0.17122 0.25752 -0.94129 0.4549 -0.13999 0.22808 0.8233 -0.78773 0.42236 0.95083 -0.46997 -0.87268 -0.18931 0.95128 0.96501 0.41589 -0.30634 -0.75589 -0.84944 -0.97967 -0.98745 -0.9566 -0.95266 -0.89101 -0.93476 -0.99789 -0.99561 0.52668 0.93076 0.98995 0.98477 0.84376 0.787 0.82692 0.82126 0.81108 0.85747 0.92275 0.95541 0.9491 0.89597 0.83885 0.8247 0.8228 0.79819 0.73441 0.66039 0.62546
-1 0.19527 0.60228 -0.80356 0.5179 -0.052478 0.086812 0.88721 -0.86897 0.55162 0.96458 -0.5779 -0.80912 -0.076515 0.97916 0.93314 0.32692 -0.39272 -0.81039 -0.89058 -0.99276 -0.9726 -0.93273 -0.9289 -0.85825 -0.90961 -0.99184 -0.98787 0.47702 0.90854 0.98058 0.9741 0.8149 0.75503 0.79848 0.79322 0.78314 0.83342 0.90489 0.94186 0.93508 0.87704 0.81643 0.80197 0.80047 0.77508 0.70905 0.633 0.59761
-0.45999 0.48009 0.83411 -0.58541 0.53663 0.040719 -0.061097 0.91805 -0.92364 0.66624 0.95767 -0.67463 -0.73395 0.036403 0.9951 0.89191 0.23594 -0.47473 -0.85809 -0.92507 -0.99947 -0.95237 -0.90427 -0.90093 -0.82207 -0.88099 -0.98203 -0.97666 0.42642 0.88376 0.96843 0.96086 0.78427 0.72161 0.76853 0.76378 0.75392 0.80801 0.88555 0.92678 0.91963 0.85693 0.79301 0.77833 0.77728 0.7512 0.68307 0.60516 0.5694
0.32248 0.58657 0.9217 -0.31313 0.51525 0.13573 -0.20837 0.91572 -0.95102 0.76393 0.93095 -0.75887 -0.64874 0.1479 0.99939 0.84209 0.14385 -0.55186 -0.89888 -0.95294 -1 -0.9271 -0.87154 -0.86905 -0.78277 -0.84918 -0.96863 -0.96214 0.37509 0.85658 0.95364 0.94518 0.75203 0.68688 0.73721 0.73307 0.72353 0.78135 0.86482 0.91026 0.90284 0.83569 0.76869 0.75386 0.7533 0.72662 0.65656 0.57693 0.54088
0.82668 0.49186 0.85937 -0.016717 0.46075 0.2285 -0.34798 0.8814 -0.9512 0.84294 0.88566 -0.82964 -0.5551 0.25656 0.9924 0.78452 0.05155 -0.62364 -0.93273 -0.97425 -0.99457 -0.89712 -0.83488 -0.83358 -0.74063 -0.81441 -0.95183 -0.94451 0.32323 0.82718 0.93636 0.9272 0.71833 0.65097 0.70465 0.70121 0.69208 0.75356 0.8428 0.8924 0.88478 0.81343 0.74353 0.72863 0.7286 0.70141 0.62956 0.54836 0.51209
0.83948 0.23845 0.66742 0.27417 0.38166 0.31498 -0.47358 0.81727 -0.92502 0.90207 0.82333 -0.88622 -0.45468 0.36106 0.97464 0.72007 -0.040147 -0.68971 -0.95964 -0.98909 -0.98344 -0.86277 -0.79463 -0.79481 -0.69596 -0.77695 -0.93183 -0.92393 0.27104 0.79575 0.91674 0.90705 0.6833 0.61402 0.67098 0.66831 0.65968 0.72472 0.81958 0.87327 0.86555 0.79021 0.71761 0.7027 0.70324 0.67562 0.60213 0.51952 0.48309
0.4472 -0.077161 0.38486 0.5327 0.28721 0.39127 -0.57967 0.7264 -0.87407 0.94065 0.74574 -0.92821 -0.34914 0.46024 0.9467 0.6496 -0.13047 -0.74976 -0.97969 -0.99761 -0.96688 -0.8244 -0.75111 -0.75304 -0.64903 -0.73705 -0.90882 -0.90059 0.2187 0.76245 0.89491 0.88488 0.64709 0.57617 0.63631 0.63448 0.62644 0.69494 0.79525 0.85295 0.84521 0.76611 0.691 0.67615 0.67729 0.64931 0.57432 0.49043 0.45392
-0.040194 -0.3517 0.059997 0.73704 0.18621 0.45385 -0.66178 0.61262 -0.80047 0.9585 0.65489 -0.95546 -0.24008 0.55306 0.90925 0.57402 -0.21869 -0.80356 -0.99299 -1 -0.94519 -0.78236 -0.70466 -0.70857 -0.60012 -0.69495 -0.88299 -0.87468 0.16637 0.72745 0.87103 0.86082 0.60984 0.53753 0.60075 0.59984 0.59245 0.66431 0.76989 0.83154 0.82385 0.7412 0.66376 0.64904 0.65081 0.62255 0.5462 0.46117 0.42462
-0.41435 -0.50214 -0.25653 0.87244 0.086457 0.49967 -0.71676 0.48026 -0.70684 0.95593 0.55291 -0.96802 -0.1291 0.63861 0.86304 0.49421 -0.30418 -0.85092 -0.99969 -0.99646 -0.91867 -0.737 -0.65561 -0.6617 -0.54952 -0.65088 -0.85455 -0.84636 0.11423 0.69093 0.84523 0.83499 0.57168 0.49822 0.56443 0.56448 0.55781 0.63292 0.74359 0.8091 0.80153 0.71556 0.63597 0.62142 0.62385 0.59538 0.5178 0.43176 0.39525
-0.58851 -0.49438 -0.52204 0.9307 -0.0058056 0.52636 -0.74263 0.334 -0.59619 0.93365 0.442 -0.96624 -0.017706 0.71613 0.80884 0.41103 -0.38634 -0.89176 -1 -0.98724 -0.88766 -0.68868 -0.60428 -0.61271 -0.49747 -0.6051 -0.82368 -0.81583 0.062422 0.65303 0.81766 0.80754 0.53273 0.45836 0.52745 0.52851 0.52262 0.60086 0.71644 0.78572 0.77834 0.68925 0.60769 0.59337 0.59647 0.56786 0.48918 0.40226 0.36583
-0.58732 -0.34575 -0.70443 0.91122 -0.086272 0.5323 -0.73872 0.17873 -0.47178 0.89275 0.32441 -0.95061 0.09268 0.78501 0.7475 0.32535 -0.46463 -0.926 -0.99414 -0.97259 -0.85247 -0.63773 -0.55098 -0.56189 -0.44424 -0.55782 -0.79058 -0.78327 0.011086 0.61392 0.78845 0.77858 0.49311 0.41807 0.48991 0.49202 0.48695 0.56822 0.68851 0.76146 0.75433 0.66233 0.57897 0.56493 0.56873 0.54003 0.46038 0.3727 0.33641
-0.42463 -0.11091 -0.78798 0.81973 -0.15229 0.51672 -0.70564 0.019299 -0.33703 0.83465 0.2024 -0.92182 0.20073 0.84475 0.67985 0.23799 -0.53861 -0.95366 -0.98238 -0.95279 -0.81343 -0.5845 -0.49602 -0.50951 -0.39007 -0.50927 -0.75545 -0.74883 -0.039646 0.57374 0.75773 0.74824 0.45293 0.37743 0.45191 0.4551 0.45091 0.53506 0.65987 0.7364 0.72958 0.63488 0.54987 0.53616 0.54067 0.51196 0.43145 0.34313 0.30702
-0.10274 0.13493 -0.77143 0.66687 -0.2031 0.47974 -0.64502 -0.13954 -0.19543 0.76101 0.078143 -0.88071 0.30521 0.89501 0.60677 0.14974 -0.60786 -0.97477 -0.96499 -0.92814 -0.77089 -0.52932 -0.4397 -0.45584 -0.3352 -0.45966 -0.71846 -0.71271 -0.089653 0.53265 0.72564 0.71665 0.41232 0.33656 0.41355 0.41784 0.41455 0.50147 0.63061 0.71061 0.70415 0.60694 0.52046 0.50711 0.51235 0.48367 0.40242 0.31357 0.27769
0.30316 0.32543 -0.66617 0.46758 -0.23922 0.42228 -0.55959 -0.29336 -0.050428 0.67373 -0.046248 -0.82824 0.40502 0.93555 0.52911 0.061351 -0.67205 -0.98944 -0.94228 -0.89894 -0.72518 -0.47251 -0.38231 -0.40113 -0.27984 -0.40919 -0.67979 -0.67506 -0.13882 0.49077 0.6923 0.68392 0.37137 0.29554 0.37491 0.38032 0.37798 0.46753 0.60079 0.68416 0.67811 0.57859 0.49077 0.47783 0.48381 0.45522 0.37334 0.28406 0.24846
0.65671 0.41511 -0.49387 0.23863 -0.26225 0.3462 -0.45284 -0.43805 0.094617 0.57487 -0.16877 -0.76549 0.49918 0.96627 0.44773 -0.026464 -0.73089 -0.99779 -0.91456 -0.86551 -0.67663 -0.41438 -0.3241 -0.34563 -0.22422 -0.35807 -0.63964 -0.63605 -0.18705 0.44825 0.65784 0.65017 0.33018 0.25447 0.33607 0.34262 0.34124 0.4333 0.57048 0.6571 0.65151 0.54986 0.46087 0.44837 0.45509 0.42664 0.34424 0.25464 0.21935
0.76069 0.39494 -0.2804 -0.0020861 -0.27445 0.25402 -0.32891 -0.57003 0.23654 0.46656 -0.2876 -0.6936 0.5868 0.98716 0.36349 -0.11304 -0.78416 -1 -0.88218 -0.82818 -0.62557 -0.35523 -0.26536 -0.28957 -0.16853 -0.30648 -0.59817 -0.59583 -0.23425 0.40522 0.62239 0.61551 0.28885 0.21342 0.29713 0.30482 0.30443 0.39885 0.53974 0.62951 0.62442 0.52082 0.4308 0.41876 0.42624 0.39797 0.31515 0.22533 0.19039
0.54465 0.28129 -0.053326 -0.23759 -0.27828 0.14894 -0.19243 -0.68621 0.3724 0.351 -0.40102 -0.61378 0.66716 0.99834 0.27721 -0.19776 -0.83169 -0.99626 -0.84547 -0.78727 -0.57233 -0.29536 -0.20632 -0.23318 -0.11296 -0.2546 -0.55556 -0.55457 -0.28033 0.36179 0.58604 0.58004 0.24746 0.17249 0.25815 0.26699 0.26759 0.36424 0.50865 0.60144 0.59688 0.49152 0.40061 0.38907 0.3973 0.36926 0.28611 0.19616 0.1616
0.07088 0.1152 0.16302 -0.4522 -0.27614 0.034649 -0.048241 -0.78409 0.49957 0.23043 -0.50752 -0.52727 0.73965 1 0.18966 -0.28006 -0.87335 -0.98681 -0.80478 -0.7431 -0.51722 -0.23502 -0.14722 -0.17666 -0.057698 -0.2026 -0.51195 -0.5124 -0.32522 0.31808 0.54893 0.54387 0.20611 0.13173 0.21921 0.22918 0.23079 0.32953 0.47725 0.57294 0.56896 0.462 0.37033 0.35932 0.3683 0.34052 0.25715 0.16716 0.13302
-0.43582 -0.058703 0.34844 -0.63331 -0.27005 -0.084807 0.098707 -0.8618 0.6157 0.10701 -0.60579 -0.43532 0.80375 0.99242 0.10163 -0.35943 -0.90908 -0.97189 -0.76047 -0.696 -0.46055 -0.17449 -0.088295 -0.12022 -0.0029037 -0.15064 -0.46752 -0.46947 -0.36884 0.27421 0.51116 0.5071 0.16488 0.091234 0.18037 0.19147 0.1941 0.29478 0.44561 0.54408 0.5407 0.43232 0.34002 0.32955 0.33928 0.31181 0.2283 0.13836 0.10466
-0.73865 -0.19933 0.49009 -0.77091 -0.2615 -0.20518 0.24359 -0.918 0.71884 -0.017134 -0.69468 -0.3392 0.85911 0.97596 0.013823 -0.4354 -0.93884 -0.95178 -0.71289 -0.6463 -0.40262 -0.114 -0.029743 -0.064044 0.051264 -0.098865 -0.42241 -0.42592 -0.41115 0.23028 0.47282 0.46982 0.12383 0.05105 0.14171 0.15392 0.15756 0.26005 0.41377 0.51491 0.51216 0.40251 0.3097 0.29979 0.31027 0.28315 0.19958 0.10977 0.07654
-0.73361 -0.28198 0.5803 -0.85883 -0.2513 -0.32222 0.3818 -0.95206 0.80736 -0.13999 -0.77327 -0.24013 0.90545 0.95105 -0.07308 -0.50756 -0.96266 -0.92676 -0.66239 -0.59432 -0.34372 -0.053806 0.028236 -0.0083137 0.10466 -0.047427 -0.37677 -0.38188 -0.45207 0.18639 0.43403 0.43212 0.083042 0.011245 0.10327 0.11657 0.12122 0.22538 0.3818 0.48548 0.48337 0.37261 0.27942 0.27009 0.28131 0.25456 0.17102 0.081417 0.048683
-0.44056 -0.29779 0.61851 -0.89406 -0.23968 -0.43178 0.50919 -0.96378 0.88004 -0.25968 -0.84081 -0.13934 0.94264 0.91815 -0.15845 -0.57556 -0.98057 -0.89715 -0.60932 -0.54036 -0.28412 0.0058888 0.08546 0.046806 0.15715 0.0035441 -0.33073 -0.33748 -0.49157 0.14263 0.39487 0.3941 0.04258 -0.028124 0.065118 0.07949 0.085134 0.19082 0.34973 0.45582 0.45439 0.34267 0.2492 0.24048 0.25243 0.22608 0.14264 0.053324 0.021106
-0.037596 -0.25559 0.6076 -0.87694 -0.22621 -0.53 0.62201 -0.95362 0.93598 -0.37445 -0.89676 -0.037974 0.97059 0.8778 -0.24169 -0.63908 -0.99269 -0.86325 -0.55402 -0.48474 -0.22408 0.064876 0.14176 0.10116 0.20861 0.053924 -0.28443 -0.29283 -0.52961 0.099094 0.35544 0.35584 0.002505 -0.067006 0.027303 0.042719 0.049348 0.15642 0.31762 0.426 0.42526 0.31273 0.21909 0.21097 0.22365 0.19773 0.11447 0.025508 -0.0061747
0.3194 -0.17369 0.5544 -0.81073 -0.2101 -0.61346 0.71723 -0.92241 0.97468 -0.48276 -0.94076 0.062855 0.98938 0.83057 -0.32228 -0.69786 -0.99911 -0.82538 -0.49683 -0.42774 -0.16387 0.12297 0.19697 0.15461 0.25892 0.1036 -0.23799 -0.24805 -0.56615 0.055864 0.31583 0.3174 -0.037125 -0.10535 -0.010125 0.0063031 0.013902 0.12222 0.28551 0.39606 0.39602 0.28281 0.18911 0.18161 0.19501 0.16954 0.086523 -0.0020152 -0.033144
0.51833 -0.074547 0.46691 -0.701 -0.19019 -0.67923 0.79229 -0.87149 0.99598 -0.58319 -0.97261 0.16211 0.99911 0.77704 -0.39973 -0.75169 -1 -0.78388 -0.43808 -0.36966 -0.10371 0.17998 0.25096 0.20702 0.30799 0.15246 -0.19154 -0.20324 -0.60116 0.013017 0.27611 0.27889 -0.076256 -0.14312 -0.04712 -0.029714 -0.021165 0.088257 0.25345 0.36603 0.36671 0.25296 0.15929 0.15242 0.16652 0.14152 0.058823 -0.029229 -0.059788
0.54265 0.020334 0.35397 -0.55534 -0.16527 -0.72499 0.8455 -0.8025 1 -0.67457 -0.99231 0.25882 1 0.71785 -0.4736 -0.8004 -0.99553 -0.73905 -0.37808 -0.31077 -0.043836 0.23577 0.30359 0.25827 0.35572 0.20041 -0.14518 -0.15851 -0.63463 -0.029374 0.23636 0.24035 -0.11484 -0.18026 -0.083642 -0.065294 -0.055817 0.054574 0.22146 0.33596 0.33736 0.2232 0.12967 0.12342 0.13821 0.11371 0.031387 -0.056119 -0.086095
0.44247 0.09743 0.22395 -0.38254 -0.13422 -0.74913 0.87566 -0.71744 0.98721 -0.75586 -1 0.3521 0.99232 0.65362 -0.5435 -0.84386 -0.98589 -0.69125 -0.31714 -0.25134 0.015544 0.29017 0.35473 0.30825 0.40202 0.24735 -0.099024 -0.11396 -0.66652 -0.071242 0.19667 0.20186 -0.15283 -0.21674 -0.11965 -0.1004 -0.09002 0.021201 0.1896 0.30587 0.30801 0.19356 0.10025 0.094643 0.1101 0.086112 0.0042311 -0.082673 -0.11205
0.26116 0.14819 0.084532 -0.19219 -0.096134 -0.75069 0.88245 -0.61849 0.95829 -0.82629 -0.99595 0.44112 0.97643 0.58499 -0.60911 -0.882 -0.97131 -0.64078 -0.25555 -0.19161 0.074229 0.34305 0.4043 0.35686 0.44682 0.29322 -0.053168 -0.069673 -0.69685 -0.11252 0.15709 0.16349 -0.19018 -0.25252 -0.15511 -0.135 -0.12374 -0.011827 0.15788 0.27582 0.27869 0.16408 0.071071 0.066101 0.082213 0.058756 -0.022629 -0.10888 -0.13765
0.036523 0.17316 -0.057442 0.0058726 -0.050575 -0.72951 0.866 -0.50805 0.9142 -0.88521 -0.98056 0.52519 0.9527 0.51262 -0.67013 -0.91476 -0.95201 -0.58798 -0.1936 -0.13184 0.13204 0.39429 0.45217 0.40401 0.49006 0.33792 -0.0077066 -0.025737 -0.72558 -0.15316 0.11769 0.12529 -0.22686 -0.28758 -0.18999 -0.16906 -0.15696 -0.044481 0.12636 0.24583 0.24943 0.13477 0.042152 0.037818 0.054569 0.031656 -0.04918 -0.13472 -0.16288
-0.20141 0.17555 -0.19596 0.20218 0.0024781 -0.68603 0.82723 -0.3886 0.85608 -0.93221 -0.95437 0.60364 0.92159 0.43714 -0.72633 -0.94213 -0.92825 -0.53316 -0.13156 -0.07224 0.18879 0.44377 0.49828 0.44961 0.53166 0.38139 0.037271 0.017767 -0.75273 -0.1931 0.078549 0.087324 -0.26283 -0.32189 -0.22425 -0.20255 -0.18964 -0.076734 0.095049 0.21593 0.22027 0.10567 0.013512 0.0098126 0.027185 0.0048276 -0.075409 -0.16019 -0.18773
-0.42248 0.16137 -0.32543 0.38766 0.062369 -0.62145 0.76744 -0.26269 0.78524 -0.96703 -0.91798 0.67594 0.88358 0.35919 -0.77751 -0.96414 -0.90028 -0.47664 -0.069666 -0.013035 0.24434 0.49142 0.54255 0.4936 0.5716 0.42358 0.081684 0.060766 -0.77829 -0.2323 0.039709 0.049643 -0.29806 -0.35542 -0.25788 -0.23546 -0.22177 -0.10856 0.063987 0.18616 0.19123 0.07679 -0.014829 -0.017897 7.6933e-05 -0.021714 -0.1013 -0.18529 -0.21219
-0.56455 0.1362 -0.4406 0.55458 0.12799 -0.53751 0.68854 -0.13285 0.70313 -0.98961 -0.87211 0.74162 0.83918 0.27939 -0.82351 -0.98083 -0.86838 -0.41871 -0.0081747 0.045577 0.29853 0.53713 0.5849 0.53592 0.60981 0.46442 0.12546 0.10319 -0.80226 -0.2707 0.0012284 0.012297 -0.33253 -0.38814 -0.29084 -0.26774 -0.25332 -0.13993 0.033198 0.15654 0.16234 0.048159 -0.042854 -0.045296 -0.02674 -0.047955 -0.12685 -0.21 -0.23626
-0.55595 0.10323 -0.53635 0.69599 0.19754 -0.43654 0.59274 -0.0015822 0.61129 -1 -0.81752 0.80031 0.78894 0.19834 -0.86424 -0.9923 -0.83281 -0.35966 0.052692 0.1034 0.35123 0.58083 0.62529 0.5765 0.64627 0.50387 0.16852 0.14498 -0.82466 -0.30828 -0.036841 -0.024666 -0.36619 -0.42005 -0.32311 -0.29939 -0.28426 -0.17084 0.0027074 0.1271 0.13362 0.019794 -0.070546 -0.072368 -0.053251 -0.073883 -0.15205 -0.23431 -0.25994
-0.38011 0.064656 -0.60762 0.80682 0.26888 -0.32128 0.48265 0.12873 0.51135 -0.99847 -0.75505 0.85169 0.73341 0.11662 -0.89962 -0.99865 -0.79386 -0.29979 0.11272 0.16027 0.40233 0.62246 0.66368 0.61531 0.68095 0.54189 0.2108 0.18606 -0.84549 -0.34498 -0.074452 -0.061205 -0.39904 -0.45112 -0.35468 -0.33039 -0.3146 -0.20125 -0.027461 0.097855 0.10509 -0.0082839 -0.097891 -0.0991 -0.079443 -0.099487 -0.17687 -0.25822 -0.28321
-0.056387 0.02081 -0.64978 0.88298 0.33935 -0.19485 0.36105 0.25584 0.40494 -0.98536 -0.68556 0.89558 0.67317 0.034785 -0.92962 -1 -0.75182 -0.23936 0.17172 0.21602 0.45171 0.66197 0.70001 0.6523 0.71382 0.57845 0.25225 0.22639 -0.86476 -0.38078 -0.11156 -0.097277 -0.43105 -0.48133 -0.38553 -0.36072 -0.3443 -0.23115 -0.057285 0.068842 0.076779 -0.036059 -0.12487 -0.12548 -0.1053 -0.12476 -0.20133 -0.28173 -0.30607
0.31996 -0.027925 -0.65872 0.92239 0.40614 -0.060622 0.23092 0.37763 0.29376 -0.96117 -0.60996 0.93182 0.60879 -0.046627 -0.95423 -0.99652 -0.70695 -0.17864 0.2295 0.27049 0.49927 0.69932 0.73426 0.68744 0.74487 0.61351 0.29281 0.26592 -0.8825 -0.41565 -0.14812 -0.13285 -0.4622 -0.51068 -0.41564 -0.39036 -0.37335 -0.26052 -0.086745 0.040077 0.048706 -0.063515 -0.15148 -0.15149 -0.13082 -0.14968 -0.22541 -0.30482 -0.32852
0.6047 -0.079397 -0.63143 0.92407 0.46627 0.077907 0.095304 0.49225 0.17945 -0.92649 -0.52916 0.96035 0.54086 -0.12712 -0.9735 -0.98836 -0.65955 -0.11786 0.2859 0.32355 0.54493 0.73446 0.76642 0.72071 0.77409 0.64705 0.33243 0.3046 -0.89873 -0.44957 -0.18411 -0.16787 -0.49249 -0.53915 -0.44499 -0.4193 -0.40175 -0.28935 -0.11582 0.011581 0.02089 -0.090636 -0.17771 -0.17714 -0.15599 -0.17425 -0.2491 -0.3275 -0.35056
0.70438 -0.13057 -0.5666 0.88877 0.5168 0.21715 -0.042761 0.59797 0.063629 -0.882 -0.44409 0.98117 0.46995 -0.20622 -0.98749 -0.97572 -0.60989 -0.057284 0.34077 0.37508 0.58862 0.76737 0.79646 0.75209 0.80148 0.67905 0.37106 0.34239 -0.91346 -0.48251 -0.21947 -0.20233 -0.52189 -0.56674 -0.47358 -0.44753 -0.42949 -0.31763 -0.1445 -0.016628 -0.0066534 -0.11741 -0.20354 -0.20239 -0.1808 -0.19846 -0.2724 -0.34976 -0.37218
0.57646 -0.17566 -0.46437 0.81842 0.55505 0.35358 -0.18027 0.69338 -0.052143 -0.82847 -0.35567 0.99434 0.39663 -0.28349 -0.99628 -0.95879 -0.55826 0.0028845 0.39395 0.42496 0.63027 0.79804 0.82439 0.78157 0.82702 0.7095 0.40867 0.37925 -0.92671 -0.51444 -0.25419 -0.23619 -0.5504 -0.59343 -0.50139 -0.47504 -0.45654 -0.34534 -0.17276 -0.044531 -0.033906 -0.14382 -0.22896 -0.22726 -0.20524 -0.2223 -0.29531 -0.3716 -0.39338
0.24909 -0.20781 -0.32804 0.71607 0.5785 0.48385 -0.31439 0.77722 -0.16639 -0.76673 -0.26481 1 0.32147 -0.35851 -1 -0.93779 -0.50492 0.062428 0.44533 0.47308 0.66983 0.82646 0.85019 0.80913 0.85073 0.73838 0.44521 0.41515 -0.93852 -0.54536 -0.28823 -0.26943 -0.578 -0.61923 -0.52842 -0.50182 -0.48291 -0.37247 -0.20059 -0.072113 -0.060854 -0.16987 -0.25397 -0.25172 -0.2293 -0.24576 -0.31781 -0.39302 -0.41416
-0.14289 -0.22083 -0.16212 0.58601 0.58529 0.60474 -0.44245 0.84856 -0.27769 -0.69764 -0.17239 0.99831 0.24499 -0.43094 -0.99878 -0.91294 -0.45014 0.12115 0.49479 0.51936 0.70725 0.85262 0.87387 0.83479 0.87262 0.76568 0.48066 0.45005 -0.94891 -0.57525 -0.32157 -0.30201 -0.6047 -0.64414 -0.55467 -0.52787 -0.5086 -0.39902 -0.22798 -0.099358 -0.087481 -0.19553 -0.27856 -0.27578 -0.25298 -0.26885 -0.33991 -0.41401 -0.43452
-0.46907 -0.20908 0.025278 0.43303 0.5739 0.71346 -0.56198 0.90664 -0.3848 -0.62211 -0.079283 0.98951 0.16774 -0.50041 -0.99278 -0.88445 -0.39419 0.17887 0.54224 0.56372 0.74249 0.87653 0.89545 0.85854 0.89269 0.79142 0.51499 0.48394 -0.9579 -0.6041 -0.35418 -0.33392 -0.63048 -0.66814 -0.58012 -0.55317 -0.53358 -0.42497 -0.25492 -0.12625 -0.11378 -0.22079 -0.30272 -0.29942 -0.27627 -0.29155 -0.36161 -0.43458 -0.45446
-0.63968 -0.17014 0.22486 0.26289 0.54357 0.80738 -0.67085 0.95099 -0.4865 -0.54108 0.01371 0.97385 0.090204 -0.56663 -0.98217 -0.85258 -0.3373 0.23541 0.58757 0.60609 0.77554 0.8982 0.91494 0.88039 0.91097 0.81558 0.54818 0.51678 -0.96553 -0.6319 -0.38605 -0.36514 -0.65534 -0.69124 -0.60477 -0.57774 -0.55787 -0.45033 -0.28139 -0.15278 -0.13973 -0.24566 -0.32645 -0.32265 -0.29917 -0.31386 -0.38289 -0.45471 -0.47397
-0.58913 -0.10594 0.42558 0.081494 0.49419 0.88449 -0.76711 0.98133 -0.58177 -0.4555 0.1058 0.95166 0.012876 -0.62932 -0.96715 -0.81755 -0.27973 0.29062 0.63073 0.6464 0.80636 0.91764 0.93236 0.90036 0.92748 0.83818 0.5802 0.54857 -0.97183 -0.65865 -0.41714 -0.39564 -0.67929 -0.71345 -0.62862 -0.60156 -0.58146 -0.47508 -0.30738 -0.17894 -0.16532 -0.27012 -0.34974 -0.34545 -0.32167 -0.33578 -0.40377 -0.47442 -0.49307
-0.37022 -0.020712 0.61529 -0.10494 0.42617 0.94302 -0.84926 0.9976 -0.66966 -0.3663 0.19624 0.92326 -0.063796 -0.68825 -0.94791 -0.7796 -0.2217 0.34435 0.67163 0.68461 0.83495 0.93488 0.94774 0.91846 0.94223 0.85921 0.61103 0.57927 -0.97682 -0.68433 -0.44745 -0.42542 -0.70232 -0.73475 -0.65167 -0.62463 -0.60434 -0.49921 -0.33289 -0.20471 -0.19055 -0.29417 -0.37258 -0.36783 -0.34376 -0.3573 -0.42423 -0.49371 -0.51174
-0.085891 0.075054 0.78196 -0.29013 0.34091 0.98175 -0.91598 1 -0.74938 -0.27444 0.28436 0.88903 -0.13937 -0.74322 -0.92468 -0.73899 -0.16345 0.39647 0.71023 0.72068 0.8613 0.94995 0.9611 0.93471 0.95525 0.8787 0.64067 0.60888 -0.98054 -0.70895 -0.47697 -0.45446 -0.72443 -0.75517 -0.67393 -0.64696 -0.62653 -0.52274 -0.35791 -0.23008 -0.21541 -0.31779 -0.39498 -0.38978 -0.36546 -0.37842 -0.44428 -0.51257 -0.53
0.18576 0.16978 0.91373 -0.46803 0.24006 1 -0.96642 0.98883 -0.82029 -0.18081 0.36952 0.84935 -0.21346 -0.79404 -0.89768 -0.69594 -0.10518 0.44686 0.74649 0.75457 0.88541 0.96287 0.97247 0.94914 0.96658 0.89666 0.6691 0.63739 -0.98303 -0.7325 -0.50567 -0.48275 -0.74562 -0.7747 -0.69538 -0.66853 -0.64801 -0.54565 -0.38243 -0.25505 -0.23988 -0.34099 -0.41693 -0.41129 -0.38674 -0.39914 -0.46391 -0.531 -0.54784
0.39354 0.25273 1 -0.63275 0.12616 0.99733 -1 0.96464 -0.88182 -0.086316 0.45114 0.80464 -0.28569 -0.84059 -0.86714 -0.65071 -0.047101 0.49541 0.78036 0.78627 0.9073 0.97369 0.9819 0.96177 0.97623 0.91309 0.69632 0.66479 -0.98431 -0.755 -0.53355 -0.51027 -0.76591 -0.79335 -0.71604 -0.68937 -0.66879 -0.56795 -0.40645 -0.27961 -0.26396 -0.36376 -0.43843 -0.43237 -0.40762 -0.41947 -0.48313 -0.54902 -0.56527
