-0.14193 -0.20177 -0.032933 -0.035703 -0.10459 0.033905 0.081738 -0.0024662 0.065852 0.25225 -0.15058 -0.01735 0.1253 0.034064 -0.31011 0.056771 -0.020326 0.21454 0.11718 -0.45985 0.29254 -0.078576 -0.24021 -0.15384 0.19941 -0.77353 0.34079 0.87846 0.40492 -0.6242 -0.667 0.4155 0.77324 -0.19702 -0.81804 -0.023918 0.77506 0.69226 -0.091602 -0.7793 -0.74381 -0.019302 0.69656 0.86584 0.4877 -0.18109 -0.76274 -0.84558 -0.34761
-0.092525 -0.023997 -0.1048 -0.049754 0.060616 0.018867 0.086361 0.10528 -0.13765 -0.23771 0.032027 0.43628 0.21391 0.021591 -0.29409 0.091201 0.22651 0.17156 -0.48196 -0.16974 0.1967 -0.5264 0.66024 -0.29135 0.17345 0.68551 -0.52884 -0.89423 -0.41039 0.58782 0.7703 -0.21086 -0.85747 -0.1678 0.81117 0.50009 -0.40517 -0.87776 -0.5482 0.24943 0.838 0.73046 0.065374 -0.60547 -0.90129 -0.72052 -0.12441 0.57657 0.90969
-0.12097 -0.099356 0.058943 -0.091607 -0.12222 0.1015 -0.07889 -0.11484 0.3043 -0.22116 0.016188 0.54523 0.19291 -0.00057644 -0.13999 -0.013099 0.13644 -0.30585 0.081373 0.57443 -0.47568 0.7204 -0.74914 0.47863 -0.28856 -0.68717 0.47518 0.91718 0.62582 -0.31257 -0.86884 -0.25694 0.71584 0.67467 -0.39969 -0.87238 -0.35509 0.45902 0.88819 0.62316 -0.11111 -0.76911 -0.86333 -0.4393 0.17758 0.71427 0.91047 0.59505 -0.060845
-0.089063 0.0077448 0.086834 -0.049919 -0.25626 0.076581 0.016825 0.0076398 0.010512 0.0063065 -0.076464 0.53299 0.056703 -0.044924 0.16796 -0.19943 -0.33958 0.077529 0.33303 -0.63323 0.54729 -0.74687 0.76734 -0.48332 0.18266 0.80079 -0.19242 -0.82392 -0.87342 -0.22623 0.66177 0.77106 -0.10782 -0.84865 -0.41471 0.54825 0.89187 0.50406 -0.24803 -0.81599 -0.8274 -0.26623 0.43799 0.8607 0.86942 0.50338 -0.11756 -0.7107 -0.92098
-0.031611 0.097736 0.12841 0.057613 -0.18528 -0.12034 -0.082574 0.081707 -0.29914 0.068836 -0.088496 0.22481 -0.17366 0.027997 0.13231 0.14093 0.25665 0.16444 -0.53024 0.60735 -0.57119 0.77022 -0.7879 0.31195 0.14091 -0.86552 -0.32547 0.38302 0.7973 0.79333 0.047862 -0.78407 -0.70213 0.20689 0.88046 0.46204 -0.33677 -0.85311 -0.79636 -0.23614 0.47133 0.89137 0.77621 0.29078 -0.27867 -0.74565 -0.92177 -0.6609 -0.077083
0.18037 -0.16473 -0.091758 0.006198 0.076544 0.088554 0.13362 0.0066165 -0.37527 -0.042609 0.11349 -0.46299 -0.15482 0.094523 -0.17997 0.044058 -0.10993 -0.29889 0.59744 -0.63545 0.60319 -0.77761 0.71788 0.074826 -0.6003 0.60027 0.83759 0.40889 -0.10777 -0.77221 -0.81429 -0.050536 0.7631 0.7593 -0.15961 -0.85181 -0.77609 -0.19502 0.4939 0.88895 0.78334 0.22241 -0.42732 -0.83918 -0.91307 -0.66412 -0.13931 0.48199 0.87841
0.094355 0.14471 -0.028629 -0.0045937 0.05199 -0.046262 0.06489 -0.002761 -0.34125 -0.26275 0.41503 -0.4179 0.17214 -0.16072 0.076237 -0.18902 0.029239 0.33921 -0.59603 0.70981 -0.58245 0.62458 -0.38166 -0.58362 0.86499 0.12765 -0.78421 -0.9474 -0.77934 -0.13923 0.62284 0.879 0.29375 -0.5859 -0.85778 -0.23612 0.49465 0.89039 0.79545 0.28611 -0.37308 -0.8467 -0.88481 -0.56168 -0.076338 0.44113 0.83611 0.91028 0.59723
-0.032411 0.18273 0.26255 0.12494 -0.048478 0.020858 0.01693 -0.0087364 -0.16741 -0.27737 0.041998 0.60219 0.0019067 0.14443 0.019478 0.26332 -0.050845 -0.28648 0.48766 -0.705 0.3721 -0.15449 -0.2616 0.8199 -0.47645 -0.84156 -0.10772 0.41539 0.71657 0.91187 0.5318 -0.30883 -0.87964 -0.66032 0.25736 0.86867 0.81328 0.32127 -0.32182 -0.80243 -0.90753 -0.57085 0.0011862 0.52574 0.84892 0.92748 0.70473 0.1923 -0.39275
-0.03179 -0.087113 0.083766 -0.20221 -0.041937 0.087188 0.029273 -0.082056 0.15776 0.15777 -0.53267 -0.22458 -0.12829 -0.10759 -0.072346 -0.27274 0.18203 0.10341 -0.18242 0.42815 0.10224 -0.52688 0.81431 -0.32887 -0.46927 0.6109 0.92199 0.74616 0.4705 -0.18575 -0.77567 -0.85339 -0.25413 0.56508 0.89563 0.41794 -0.26058 -0.76843 -0.9221 -0.67222 -0.12934 0.48517 0.86489 0.91811 0.71315 0.31161 -0.21787 -0.71083 -0.937
-0.17466 -0.058063 -0.21374 0.25751 0.15508 0.061528 0.061639 -0.1794 0.28772 0.20704 0.45087 -0.141 0.17478 0.10029 0.095005 0.1975 -0.39264 0.22056 -0.31673 0.1793 -0.60772 0.84299 -0.57801 -0.60256 0.86396 0.52178 -0.32145 -0.68576 -0.83948 -0.90833 -0.53041 0.23868 0.83756 0.8052 0.046196 -0.6882 -0.92693 -0.73349 -0.24143 0.34038 0.79286 0.92667 0.70129 0.27714 -0.18019 -0.6033 -0.89237 -0.90468 -0.60237
-0.068552 0.09722 -0.2822 -0.25958 0.19462 0.048148 0.065256 -0.069861 -0.058856 -0.29407 -0.11314 0.32688 -0.18596 -0.14706 -0.093596 -0.0009077 0.55688 -0.54599 0.72616 -0.74236 0.58912 -0.23041 -0.42855 0.73524 0.077629 -0.81448 -0.87354 -0.68499 -0.48179 0.086792 0.66855 0.91999 0.5641 -0.19802 -0.85924 -0.81435 -0.34588 0.23259 0.71501 0.93012 0.80726 0.36857 -0.17207 -0.61282 -0.8721 -0.9396 -0.76651 -0.33551 0.20281
-0.15263 -0.10324 0.13859 0.072462 0.032064 0.094305 -0.01207 0.18502 -0.19817 0.18577 -0.16804 -0.37033 0.19555 0.24889 0.054066 -0.29769 -0.45231 0.54822 -0.55497 0.57421 0.15874 -0.7444 0.83452 0.34712 -0.9086 -0.43849 0.32359 0.6125 0.73569 0.93069 0.78824 0.19841 -0.51701 -0.91315 -0.62995 0.069423 0.62791 0.91054 0.87571 0.54728 0.029006 -0.51665 -0.85935 -0.94085 -0.81506 -0.51505 -0.059532 0.45697 0.83043
0.04509 -0.049902 0.011962 0.10961 -0.055296 0.16536 -0.088887 -0.012414 0.16575 -0.058164 0.31031 0.31112 -0.21073 -0.36266 0.044756 0.52491 -0.034277 -0.02127 -0.26093 0.36033 -0.7367 0.57405 0.20502 -0.81043 -0.05988 0.77961 0.93821 0.86352 0.76798 0.36212 -0.21789 -0.77841 -0.91401 -0.50196 0.32127 0.85291 0.91642 0.6594 0.19772 -0.32014 -0.747 -0.93981 -0.83606 -0.53763 -0.16311 0.25452 0.65822 0.91877 0.91154
0.078287 -0.14542 -0.048268 0.13969 -0.022615 0.12816 0.0095323 -0.11487 -0.014548 -0.019588 -0.3232 -0.15111 0.21083 0.37838 -0.18406 -0.39108 0.56774 -0.60217 0.79608 -0.80265 0.11347 0.64111 -0.86748 -0.39239 0.90295 0.65588 0.034091 -0.19886 -0.29641 -0.68394 -0.92614 -0.79506 -0.25728 0.44252 0.91536 0.77871 0.3427 -0.16828 -0.62395 -0.89765 -0.91732 -0.6526 -0.2224 0.21373 0.56805 0.83302 0.95081 0.83115 0.48381
0.056576 -0.11022 0.14876 0.11215 0.015163 -0.053406 0.077444 0.13085 -0.10937 0.042487 0.21061 -0.10626 -0.1496 -0.16817 0.25154 -0.16364 -0.4705 0.44263 -0.12281 -0.12694 0.75025 -0.59637 -0.31243 0.72349 0.37501 -0.48003 -0.90629 -0.96975 -0.95938 -0.88151 -0.56137 0.046026 0.64392 0.93107 0.65037 0.02732 -0.49605 -0.83364 -0.94499 -0.80718 -0.44999 0.052661 0.50662 0.80529 0.93997 0.92443 0.72377 0.32138 -0.16345
0.15368 0.29746 0.032712 0.031963 -0.098869 -0.077069 -0.068275 -0.11506 0.18056 -0.01769 0.035168 0.38687 -0.012779 -0.23618 -0.098761 0.59981 -0.31415 0.443 -0.79762 0.84037 -0.095265 -0.74621 0.77721 0.68074 -0.70503 -0.93177 -0.64706 -0.53577 -0.50346 -0.11949 0.36757 0.81859 0.92885 0.597 -0.14082 -0.71965 -0.93653 -0.885 -0.61681 -0.20085 0.27554 0.69878 0.92106 0.93861 0.81088 0.55396 0.16226 -0.313 -0.7102
-0.35865 0.51349 -0.053981 0.005254 -0.24373 0.042926 0.012561 0.11314 -0.21816 -0.050431 -0.37978 -0.51024 0.22894 0.48927 -0.21579 -0.23024 0.64525 -0.58421 0.19844 0.19529 -0.78543 0.34917 0.66196 -0.34519 -0.82439 -0.20593 0.36646 0.47702 0.46074 0.73737 0.93126 0.8566 0.44162 -0.19077 -0.80126 -0.93607 -0.73719 -0.37334 0.071432 0.49753 0.82054 0.95115 0.85486 0.61397 0.31263 -0.046167 -0.44399 -0.79169 -0.95363
-0.19402 -0.279 -0.16319 0.061603 0.096652 -0.042168 0.034714 -0.12555 0.2335 0.15126 0.67713 0.29405 -0.30928 -0.19402 0.29968 -0.54678 0.17961 -0.42465 0.83295 -0.80117 -0.19063 0.91082 -0.37804 -0.90727 0.057793 0.73733 0.96507 0.98583 0.9667 0.92115 0.70624 0.22361 -0.35589 -0.81812 -0.90689 -0.55517 -0.10402 0.33152 0.69414 0.91075 0.9381 0.74403 0.40519 0.037352 -0.2941 -0.60225 -0.85457 -0.95921 -0.85019
-0.033269 0.028101 0.035143 0.15252 0.44127 0.089193 -0.060057 0.13326 -0.21392 -0.24863 -0.67687 0.18427 0.072224 -0.41496 0.082263 0.39561 -0.68544 0.55941 0.0094469 -0.51497 0.69301 0.21531 -0.92399 -0.38536 0.85777 0.90077 0.62085 0.59253 0.64219 0.36898 -0.039355 -0.54606 -0.88866 -0.90698 -0.46628 0.12672 0.56129 0.83912 0.95316 0.88303 0.63352 0.22904 -0.19065 -0.5297 -0.7655 -0.9192 -0.95409 -0.80315 -0.48177
0.048065 -0.061532 0.14832 0.14074 -0.30956 -0.10556 0.071681 -0.10781 0.12807 0.2711 0.21988 -0.46583 0.30736 0.4354 -0.37807 0.54429 -0.26524 0.58455 -0.83468 0.524 0.63355 -0.73975 -0.3955 0.54115 0.78443 0.22188 -0.25298 -0.2705 -0.16173 -0.42971 -0.73336 -0.94103 -0.867 -0.47513 0.21036 0.71821 0.92789 0.93829 0.78141 0.48492 0.086798 -0.35288 -0.69207 -0.88721 -0.95958 -0.92621 -0.75399 -0.41496 0.0084185
-0.020582 0.10763 0.17003 -0.019361 -0.15752 0.076286 -0.080686 0.017795 0.043621 -0.1458 0.45036 0.15566 -0.29597 0.30889 -0.029199 -0.3707 0.63297 -0.33025 -0.45564 0.85713 -0.21163 -0.83698 0.53726 0.91861 0.0029691 -0.6252 -0.89995 -0.90467 -0.82685 -0.92205 -0.95416 -0.77824 -0.37258 0.18677 0.75937 0.95422 0.87145 0.64019 0.30443 -0.081971 -0.46956 -0.78887 -0.94345 -0.94833 -0.85375 -0.66282 -0.35131 0.068303 0.47551
0.024601 -0.18893 0.24074 -0.039137 0.40504 -0.032899 0.094022 0.14739 -0.25343 -0.10722 -0.68577 0.37393 -0.21105 -0.5178 0.42123 -0.651 0.52976 -0.77029 0.5329 0.14226 -0.81097 -0.063808 0.93591 0.46903 -0.7597 -0.9665 -0.87997 -0.90921 -0.94922 -0.85271 -0.63617 -0.21263 0.28885 0.73715 0.95107 0.77965 0.46872 0.11016 -0.26412 -0.59821 -0.84917 -0.95933 -0.90105 -0.73415 -0.517 -0.23521 0.12366 0.5147 0.81167
-0.061104 0.16172 0.32308 0.078226 -0.4196 0.0082859 -0.1112 -0.33346 0.35474 0.29796 0.11513 -0.28259 0.39405 -0.33362 0.10392 0.1384 -0.35752 -0.17504 0.86024 -0.7218 -0.56537 0.75323 0.50857 -0.35052 -0.92995 -0.62004 -0.28492 -0.35713 -0.52373 -0.32712 -0.0070363 0.43452 0.79623 0.95315 0.75176 0.31321 -0.089057 -0.43756 -0.72368 -0.90667 -0.95978 -0.84898 -0.61431 -0.33682 -0.064587 0.23132 0.5506 0.82887 0.96145
0.077824 0.13662 0.27622 -0.10229 0.38075 -0.023586 0.11984 0.39733 -0.19251 -0.18585 0.60783 -0.31449 0.18965 0.49256 -0.42339 0.73465 -0.76794 0.63823 0.21666 -0.83549 0.21204 0.89836 -0.3136 -0.88844 -0.45702 0.11231 0.46045 0.37497 0.16056 0.34061 0.60322 0.86952 0.95807 0.79083 0.28322 -0.245 -0.59623 -0.82664 -0.9487 -0.94429 -0.80467 -0.52221 -0.18628 0.12471 0.38431 0.62845 0.84484 0.96349 0.91928
-0.042196 -0.012291 0.15669 0.038583 -0.38406 0.08922 -0.093935 -0.18741 -0.17362 -0.17659 -0.41248 0.28307 -0.42157 0.49556 -0.30218 0.31278 -0.22308 0.72624 -0.6421 -0.16496 0.79388 0.32649 -0.88508 -0.80806 0.28867 0.75559 0.92925 0.88968 0.7442 0.83232 0.93748 0.94334 0.75449 0.35371 -0.26335 -0.70452 -0.9042 -0.96352 -0.90579 -0.73451 -0.45565 -0.08431 0.26718 0.54094 0.73551 0.88457 0.96587 0.91598 0.71682
-0.044912 -0.017867 0.14369 0.066227 0.43458 -0.20006 0.0074354 -0.24768 0.37456 0.32193 -0.45417 0.34425 -0.28737 -0.29988 0.27649 -0.51672 0.57818 0.05604 -0.87878 0.63438 0.73418 -0.46861 -0.84824 -0.2265 0.84549 0.97299 0.91735 0.97013 0.98204 0.96538 0.89799 0.67132 0.29912 -0.18253 -0.70924 -0.94205 -0.95087 -0.84223 -0.63813 -0.35783 -0.016509 0.35501 0.64769 0.83369 0.93329 0.96964 0.91351 0.71685 0.40703
0.10433 -0.045966 0.034052 -0.15686 -0.49901 0.32174 0.12752 0.52727 -0.10518 0.038128 0.48706 -0.18925 0.35588 -0.67297 0.50652 -0.73854 0.76683 -0.66343 -0.34457 0.91545 0.13862 -0.92892 -0.29066 0.46811 0.93852 0.70457 0.48488 0.63165 0.81786 0.73068 0.54203 0.18502 -0.23418 -0.64533 -0.93952 -0.91973 -0.75518 -0.52285 -0.23443 0.082706 0.40945 0.70715 0.89076 0.96387 0.9612 0.88986 0.71721 0.41553 0.049403
-0.11739 -0.041065 -0.18727 0.22094 0.52551 -0.38291 -0.22269 -0.24169 -0.32276 -0.36339 0.41048 -0.41406 0.46603 -0.12928 0.10713 -0.15192 0.20728 -0.78901 0.45672 0.52372 -0.53866 -0.80448 0.41551 0.89648 0.57294 0.12625 -0.13733 0.056271 0.35825 0.25172 0.0223 -0.3409 -0.68096 -0.91553 -0.91893 -0.67315 -0.39124 -0.099791 0.20357 0.49031 0.74137 0.91729 0.96963 0.92863 0.83481 0.67716 0.42332 0.067339 -0.30108
0.14232 0.11376 -0.066997 -0.26486 -0.44476 0.30152 0.15062 -0.40075 0.24276 0.01867 -0.43917 -0.019015 -0.1103 0.58941 -0.43237 0.58864 -0.5348 -0.26857 0.90332 -0.21068 -0.86789 -0.2268 0.88472 0.87811 -0.037338 -0.48573 -0.68508 -0.51921 -0.20675 -0.29066 -0.48607 -0.75252 -0.93117 -0.94638 -0.68087 -0.28398 0.043078 0.32814 0.58625 0.79279 0.93105 0.96613 0.89049 0.75266 0.59089 0.37742 0.083528 -0.27637 -0.60086
0.34072 0.33719 0.10336 0.29469 0.18794 -0.059488 0.09901 0.53607 0.25478 0.39104 -0.47636 0.40248 -0.56069 0.62375 -0.52388 0.77628 -0.82515 0.44802 0.72168 -0.79701 -0.69316 0.45343 0.91482 0.46797 -0.61305 -0.89128 -0.96914 -0.90096 -0.68765 -0.72929 -0.84306 -0.95473 -0.94481 -0.75731 -0.30224 0.15024 0.45341 0.6794 0.85092 0.9501 0.96354 0.86433 0.68317 0.4772 0.27633 0.040036 -0.25396 -0.57438 -0.82075
0.10527 0.37105 0.10331 -0.31003 0.25517 -0.22136 -0.28998 0.16225 -0.26828 0.024952 0.27795 0.30232 -0.31402 -0.023487 -0.096094 0.29 -0.47684 0.84157 0.086686 -0.91209 -0.15545 0.89483 0.53763 -0.12317 -0.93726 -0.96774 -0.9235 -0.99145 -0.95389 -0.9559 -0.97359 -0.92153 -0.7447 -0.41321 0.12425 0.54053 0.76705 0.90116 0.96671 0.95348 0.85145 0.64343 0.39064 0.14982 -0.061087 -0.28977 -0.55006 -0.79846 -0.94609
-0.28354 0.15298 -0.22481 0.3009 -0.75199 0.31871 0.1332 -0.62942 -0.24961 -0.41051 0.56781 -0.16572 0.3119 -0.65184 0.43024 -0.42607 0.20754 0.68459 -0.58486 -0.54018 0.44626 0.92276 -0.049412 -0.64983 -0.92131 -0.72459 -0.59737 -0.79605 -0.957 -0.93613 -0.87106 -0.68566 -0.39607 0.00059317 0.513 0.82192 0.94131 0.97176 0.93209 0.81928 0.6263 0.34597 0.059582 -0.1838 -0.37936 -0.57582 -0.77745 -0.93359 -0.97488
-0.51687 -0.13036 0.1816 -0.24882 1 -0.12232 0.24556 -0.029521 0.22094 -0.17321 0.017244 -0.45039 0.61303 -0.66856 0.59858 -0.81817 0.74516 0.1194 -0.9226 0.088118 0.83159 0.56691 -0.60031 -0.93119 -0.60547 -0.26942 -0.1132 -0.39718 -0.72407 -0.70067 -0.58263 -0.31739 0.01725 0.40036 0.80018 0.95949 0.96374 0.89689 0.76817 0.58051 0.32939 0.016945 -0.26674 -0.48526 -0.64609 -0.79315 -0.92091 -0.97651 -0.91497
-0.52635 -0.34397 -0.084466 0.13677 -0.68468 -0.17045 -0.28666 0.65113 0.29373 0.35229 -0.53408 -0.26023 0.29576 -0.099028 0.29404 -0.63919 0.81645 -0.50255 -0.78627 0.66007 0.85774 0.0030388 -0.92295 -0.89897 -0.11641 0.24695 0.38465 0.085355 -0.33348 -0.32293 -0.18642 0.098849 0.41372 0.71918 0.94997 0.94728 0.8471 0.70228 0.51024 0.27824 0.003905 -0.30263 -0.55311 -0.7264 -0.83999 -0.92817 -0.97615 -0.93326 -0.78098
-0.41715 -0.090874 0.029564 0.027948 -0.16778 0.21391 -0.16027 0.048509 -0.098547 0.38132 -0.37653 0.19133 -0.30872 0.55129 -0.23155 -0.050102 0.4195 -0.85295 -0.28402 0.9371 0.54774 -0.54564 -0.93337 -0.59403 0.39018 0.68238 0.77261 0.53228 0.1149 0.1066 0.23165 0.48405 0.72849 0.91481 0.95406 0.80255 0.62159 0.42539 0.19964 -0.045676 -0.31096 -0.57978 -0.77463 -0.89011 -0.95065 -0.97745 -0.94771 -0.81646 -0.59132
-0.20496 0.34428 -0.046748 -0.18805 0.95238 0.024052 0.35824 -0.6467 -0.32118 -0.11706 0.23008 0.47143 -0.65008 0.78072 -0.60327 0.56165 -0.19437 -0.78559 0.3301 0.8369 0.045869 -0.89699 -0.6588 -0.1299 0.77936 0.93837 0.97325 0.85195 0.52596 0.50249 0.59593 0.77764 0.92072 0.97087 0.8267 0.55796 0.32667 0.10771 -0.12293 -0.35392 -0.58374 -0.79153 -0.91705 -0.96958 -0.97707 -0.94576 -0.84649 -0.64267 -0.36572
0.052094 -0.051155 0.13027 0.2395 -0.85961 -0.16373 0.12459 -0.20831 -0.092301 -0.4844 0.55342 0.34416 -0.45968 0.455 -0.5915 0.85068 -0.70121 -0.36663 0.79474 0.4315 -0.45946 -0.96038 -0.20519 0.3549 0.96733 0.97429 0.96258 0.99371 0.82725 0.79931 0.85225 0.94355 0.97474 0.89363 0.59758 0.25367 0.0038013 -0.21135 -0.42213 -0.617 -0.79246 -0.92501 -0.97589 -0.96665 -0.92568 -0.84377 -0.68742 -0.43008 -0.12331
0.2038 -0.10566 -0.26371 -0.10003 -0.16416 0.0062416 -0.38538 0.56353 0.23643 -0.27797 0.27422 -0.067116 0.08688 -0.17058 -0.22633 0.69113 -0.87419 0.19768 0.94612 -0.11126 -0.80742 -0.74462 0.28952 0.73847 0.9306 0.80392 0.76347 0.94893 0.97754 0.95872 0.97216 0.97053 0.89684 0.70611 0.30449 -0.069521 -0.30907 -0.49859 -0.67078 -0.81467 -0.92477 -0.97661 -0.95466 -0.8898 -0.80812 -0.68587 -0.48729 -0.1967 0.11874
0.076738 0.10456 0.4171 -0.17098 0.98183 0.10937 -0.16745 0.44993 0.26273 0.25133 -0.27225 -0.43321 0.57551 -0.68614 0.26638 0.19673 -0.66574 0.67329 0.75833 -0.60416 -0.90889 -0.33434 0.69841 0.94176 0.69842 0.48086 0.43093 0.74354 0.96728 0.96996 0.95185 0.86845 0.70967 0.44138 -0.013275 -0.37516 -0.58113 -0.72938 -0.85096 -0.93602 -0.97709 -0.95023 -0.86284 -0.75191 -0.63913 -0.48818 -0.26305 0.040954 0.34603
-0.14974 -0.15941 -0.53121 0.32586 -0.47894 0.033074 0.36934 -0.30851 -0.00058608 0.52954 -0.54527 -0.4919 0.67968 -0.79966 0.6211 -0.37956 -0.19185 0.89291 0.32396 -0.90334 -0.75752 0.14848 0.93438 0.93765 0.33536 0.079395 0.035099 0.42609 0.81339 0.84559 0.80741 0.66239 0.44577 0.13636 -0.31982 -0.63439 -0.79048 -0.88831 -0.95378 -0.97847 -0.95306 -0.85536 -0.71381 -0.5683 -0.43477 -0.26697 -0.030573 0.26869 0.54733
0.03799 0.1724 0.51351 -0.11684 -0.6899 -0.0718 0.28175 -0.61758 -0.24414 0.28692 -0.32466 -0.21737 0.3558 -0.47784 0.67291 -0.78418 0.34563 0.80236 -0.19998 -0.94179 -0.41465 0.58271 0.96196 0.74598 -0.07885 -0.32359 -0.35416 0.055078 0.5511 0.6148 0.56845 0.38624 0.14148 -0.17334 -0.58596 -0.82734 -0.92445 -0.96878 -0.97832 -0.94626 -0.86168 -0.70515 -0.52297 -0.35508 -0.21092 -0.037475 0.19625 0.47512 0.71464
0.32847 -0.011791 -0.2712 -0.34379 0.7194 -0.097831 -0.26957 -0.12543 -0.23839 -0.23068 0.1638 0.19987 -0.17913 0.083961 0.41718 -0.86801 0.75005 0.45648 -0.65272 -0.73233 0.019933 0.87627 0.7944 0.41993 -0.46733 -0.6626 -0.67861 -0.3121 0.22506 0.316 0.27153 0.076734 -0.16801 -0.45707 -0.79088 -0.94331 -0.97896 -0.97175 -0.93005 -0.84868 -0.71551 -0.51459 -0.30616 -0.12777 0.017745 0.18689 0.40597 0.65177 0.84299
-0.14912 -0.2734 -0.20076 0.50956 0.4518 0.021289 -0.4126 0.48985 -0.02113 -0.55706 0.51229 0.50245 -0.61527 0.59944 -0.016653 -0.62451 0.89696 -0.019311 -0.91644 -0.34832 0.43946 0.98055 0.48113 0.029265 -0.76894 -0.8919 -0.89822 -0.62722 -0.11859 -0.0099724 -0.045707 -0.23131 -0.45227 -0.69123 -0.92244 -0.97985 -0.95707 -0.90415 -0.8191 -0.69832 -0.52899 -0.29908 -0.078485 0.09957 0.23849 0.39504 0.58979 0.79299 0.93013
-0.3339 0.55784 0.72359 -0.0050619 -0.73551 0.15634 0.044912 0.51565 0.20102 -0.42926 0.47157 0.52421 -0.731 0.83988 -0.44225 -0.16528 0.76084 -0.47953 -0.93945 0.10606 0.75561 0.89182 0.091125 -0.35539 -0.9452 -0.98863 -0.99327 -0.85588 -0.43842 -0.32525 -0.34899 -0.50838 -0.68775 -0.8602 -0.97659 -0.94134 -0.8673 -0.77707 -0.65848 -0.50945 -0.31699 -0.073283 0.14655 0.31498 0.4409 0.57838 0.74152 0.89572 0.97607
0.35753 -0.76754 -0.94183 -0.64292 -0.38777 0.071801 0.44041 -0.0073023 0.25534 0.034896 0.099172 0.26645 -0.48902 0.72315 -0.69889 0.34033 0.40422 -0.80284 -0.73645 0.52574 0.9136 0.64314 -0.30331 -0.67453 -0.98176 -0.95157 -0.96299 -0.97916 -0.70175 -0.5986 -0.61046 -0.73218 -0.85871 -0.95616 -0.95609 -0.83726 -0.72187 -0.60413 -0.46262 -0.29671 -0.093792 0.1497 0.35756 0.50887 0.61703 0.7308 0.85744 0.95911 0.98268
-0.079346 0.89808 0.55202 0.4443 0.65577 -0.16234 0.26011 -0.48507 0.12057 0.48097 -0.33386 -0.12808 -0.02282 0.32107 -0.70598 0.73061 -0.056709 -0.91918 -0.37234 0.82761 0.89671 0.29114 -0.6394 -0.88694 -0.88581 -0.79708 -0.82195 -0.99288 -0.8866 -0.80749 -0.81018 -0.88836 -0.95711 -0.97824 -0.86896 -0.68045 -0.53509 -0.39997 -0.24607 -0.074044 0.12776 0.35879 0.54555 0.67414 0.76137 0.84853 0.93596 0.98414 0.95318
-0.13367 -0.96868 0.3208 0.49802 0.46522 -0.19927 -0.23788 -0.46872 -0.093031 0.6014 -0.55199 -0.46548 0.45137 -0.19543 -0.47716 0.89944 -0.49353 -0.8175 0.061802 0.96321 0.72224 -0.098257 -0.87208 -0.97237 -0.68093 -0.5536 -0.59534 -0.90519 -0.98199 -0.93864 -0.93655 -0.9703 -0.9818 -0.93126 -0.72685 -0.48552 -0.32187 -0.1791 -0.022541 0.14601 0.33674 0.54522 0.70394 0.80606 0.87063 0.92985 0.97731 0.97324 0.8918
0.19159 0.97924 -0.98887 -0.72808 -0.49302 0.059088 -0.44947 -0.037343 -0.24159 0.33194 -0.44068 -0.59695 0.73902 -0.6358 -0.099834 0.8167 -0.80069 -0.53747 0.4729 0.92157 0.4321 -0.46235 -0.9774 -0.93035 -0.40092 -0.25587 -0.31405 -0.73332 -0.98694 -0.98756 -0.98573 -0.97815 -0.93734 -0.82428 -0.54348 -0.26747 -0.096683 0.045032 0.1958 0.35282 0.52437 0.70254 0.82844 0.90206 0.94352 0.97484 0.98318 0.92989 0.80334
-0.24091 -0.91339 0.7227 -0.28698 -0.60265 0.2802 -0.1601 0.38718 -0.23972 -0.14427 -0.083738 -0.47642 0.74067 -0.85868 0.30415 0.52292 -0.9169 -0.15157 0.7848 0.72424 0.081259 -0.75075 -0.95202 -0.77658 -0.083726 0.060224 -0.010264 -0.50016 -0.90868 -0.95725 -0.96052 -0.9176 -0.83252 -0.66911 -0.33332 -0.040628 0.12732 0.26067 0.39874 0.53788 0.68414 0.82655 0.91689 0.96146 0.98042 0.98495 0.9564 0.85827 0.69292
0.29398 0.72967 0.33447 0.84178 0.21242 0.15442 0.28841 0.46561 -0.097621 -0.54125 0.31466 -0.16421 0.47344 -0.80917 0.61963 0.10632 -0.83121 0.25579 0.94957 0.41564 -0.27332 -0.93039 -0.80981 -0.538 0.23376 0.36179 0.28603 -0.231 -0.76046 -0.8566 -0.86889 -0.79839 -0.67899 -0.47903 -0.11046 0.18212 0.33885 0.45808 0.57822 0.69489 0.81168 0.91506 0.96892 0.98514 0.98303 0.96278 0.90057 0.76298 0.56567
-0.37538 -0.41456 -1 0.16674 0.67562 -0.18506 0.43584 0.1884 0.10006 -0.6448 0.55299 0.21199 0.045878 -0.52096 0.76858 -0.3269 -0.57649 0.60698 0.95094 0.051732 -0.58156 -0.98699 -0.57695 -0.2475 0.51954 0.62175 0.54959 0.049224 -0.55933 -0.69858 -0.72246 -0.63287 -0.48991 -0.26763 0.11216 0.38984 0.52877 0.62976 0.72835 0.81964 0.90458 0.96765 0.98563 0.97524 0.95412 0.91169 0.81978 0.64878 0.42661
0.47039 -0.00062741 0.36511 -0.85541 0.17621 -0.33496 0.16704 -0.19285 0.248 -0.41495 0.52837 0.51387 -0.39307 -0.091511 0.72428 -0.68004 -0.21506 0.84427 0.80143 -0.31062 -0.80617 -0.92349 -0.2866 0.060798 0.74897 0.82045 0.7613 0.31802 -0.32406 -0.4985 -0.53494 -0.43468 -0.27882 -0.047897 0.32334 0.57383 0.6902 0.77037 0.84536 0.90987 0.96221 0.98537 0.96935 0.93481 0.89714 0.83559 0.71843 0.52039 0.2804
-0.54518 0.41798 0.76598 -0.18607 -0.53621 -0.11365 -0.24035 -0.40351 0.27379 0.019564 0.26738 0.64219 -0.70773 0.35532 0.50947 -0.8853 0.17844 0.9366 0.53529 -0.62209 -0.92534 -0.75666 0.026145 0.3554 0.90588 0.94615 0.90883 0.5567 -0.07341 -0.27249 -0.32089 -0.21764 -0.058734 0.16843 0.51391 0.72766 0.81851 0.87667 0.92735 0.96501 0.98534 0.97042 0.92325 0.86756 0.81606 0.73865 0.60093 0.38234 0.13132
0.62122 -0.69481 -0.71365 0.80017 -0.53443 0.2453 -0.42484 -0.3353 0.16769 0.44683 -0.1058 0.56393 -0.81418 0.70593 0.18312 -0.91282 0.53285 0.88008 0.19948 -0.84635 -0.9329 -0.51267 0.3284 0.61017 0.98259 0.99463 0.98634 0.75121 0.17526 -0.036256 -0.094555 0.0051524 0.15852 0.37128 0.6769 0.84714 0.91108 0.94726 0.97407 0.98589 0.97594 0.92587 0.8511 0.77759 0.71507 0.62515 0.47162 0.23882 -0.016813
-0.69768 0.71082 -0.48209 0.32465 0.12123 0.37091 -0.25589 -0.075466 -0.019815 0.67888 -0.43512 0.3131 -0.69588 0.88328 -0.17844 -0.77012 0.79229 0.69406 -0.15523 -0.96258 -0.83634 -0.22257 0.59246 0.80589 0.97914 0.96827 0.9939 0.89229 0.40693 0.1959 0.13093 0.22196 0.36278 0.55256 0.80748 0.93009 0.96716 0.98235 0.98666 0.9745 0.93686 0.85538 0.75704 0.66918 0.59842 0.49928 0.3346 0.093656 -0.16072
0.75188 -0.44779 0.81686 -0.65106 0.60774 0.14087 0.10236 0.19353 -0.2056 0.62826 -0.59783 -0.028938 -0.39757 0.859 -0.50021 -0.49453 0.92283 0.41429 -0.48187 -0.96542 -0.65366 0.081824 0.79763 0.93081 0.90193 0.87472 0.93642 0.97537 0.60953 0.41171 0.34413 0.42284 0.54579 0.70614 0.90286 0.97615 0.98751 0.98346 0.96733 0.9337 0.87155 0.76298 0.64535 0.54662 0.47028 0.36507 0.19366 -0.049768 -0.29762
-0.78237 0.026369 0.33214 -0.50843 0.39016 -0.22503 0.36605 0.32283 -0.31145 0.32895 -0.54441 -0.36327 -0.0042224 0.6518 -0.72322 -0.14169 0.91415 0.085112 -0.74271 -0.86297 -0.40962 0.37127 0.93094 0.98043 0.76216 0.72538 0.82248 1 0.77415 0.60131 0.53567 0.59984 0.70128 0.82788 0.96204 0.98645 0.97414 0.95313 0.91912 0.86694 0.78388 0.65288 0.52029 0.41406 0.33458 0.22623 0.052213 -0.18854 -0.42524
0.78458 0.34574 -0.82285 0.3723 -0.23799 -0.40008 0.35731 0.27075 -0.29493 -0.094077 -0.30479 -0.60255 0.38578 0.31604 -0.81317 0.22674 0.77727 -0.24796 -0.91239 -0.67368 -0.13209 0.62146 0.98702 0.95665 0.57413 0.53403 0.66314 0.96925 0.89509 0.75742 0.69838 0.74709 0.82499 0.91549 0.98558 0.96331 0.93004 0.8947 0.84564 0.77808 0.67792 0.52925 0.38598 0.27539 0.19501 0.086162 -0.086724 -0.3202 -0.54182
-0.71856 -0.4962 -0.33256 0.61129 -0.58918 -0.24435 0.10859 0.097406 -0.16273 -0.48336 0.033275 -0.69174 0.68547 -0.074859 -0.76278 0.55384 0.5395 -0.54426 -0.97887 -0.42262 0.15125 0.8144 0.96727 0.86654 0.3537 0.31543 0.47083 0.88888 0.96963 0.87529 0.82729 0.86075 0.91447 0.96828 0.9753 0.90999 0.85886 0.81197 0.75085 0.67117 0.55777 0.39615 0.24627 0.13421 0.054857 -0.052142 -0.22057 -0.44276 -0.64602
0.52948 0.39647 0.78671 0.0030111 -0.33799 0.10358 -0.19526 -0.091941 0.035817 -0.70819 0.36031 -0.61704 0.83662 -0.44543 -0.58888 0.79531 0.23813 -0.77221 -0.94258 -0.13791 0.41543 0.93897 0.87862 0.72099 0.11696 0.08423 0.25834 0.76663 0.99767 0.95254 0.91955 0.93886 0.96893 0.98695 0.93403 0.83036 0.76471 0.70908 0.63888 0.55026 0.4274 0.25739 0.10469 -0.0062762 -0.082936 -0.18608 -0.34715 -0.55465 -0.73691
-0.21223 -0.13889 0.45593 -0.50389 0.21916 0.3704 -0.36014 -0.20964 0.22988 -0.70407 0.58098 -0.40342 0.81763 -0.73223 -0.32603 0.92384 -0.085893 -0.91154 -0.81439 0.15255 0.64004 0.99067 0.73217 0.53331 -0.12094 -0.14595 0.03804 0.6114 0.98136 0.98886 0.97418 0.98107 0.989 0.97337 0.86529 0.7287 0.65191 0.59025 0.51383 0.41934 0.2906 0.11648 -0.035615 -0.14324 -0.21584 -0.31344 -0.46471 -0.6547 -0.81396
-0.20026 -0.16306 -0.68594 -0.32008 0.54066 0.36881 -0.30177 -0.22148 0.35319 -0.48371 0.63918 -0.10369 0.64235 -0.89293 -0.018511 0.93025 -0.39361 -0.95376 -0.61285 0.42355 0.81021 0.97099 0.54166 0.31793 -0.34651 -0.36311 -0.17876 0.43265 0.92457 0.98576 0.99181 0.98847 0.97647 0.93027 0.77311 0.60947 0.52484 0.45967 0.37969 0.28216 0.15087 -0.023431 -0.17187 -0.27427 -0.34173 -0.43241 -0.57187 -0.7421 -0.87692
0.58989 0.40919 -0.65684 0.17759 0.36742 0.11745 -0.075786 -0.14711 0.36558 -0.12257 0.52769 0.21642 0.35217 -0.91018 0.28767 0.82185 -0.65225 -0.90123 -0.36117 0.65445 0.91696 0.88629 0.32211 0.089309 -0.54855 -0.55737 -0.38223 0.23984 0.83249 0.94615 0.97445 0.96328 0.93406 0.86103 0.66177 0.47713 0.38777 0.32137 0.24023 0.14222 0.011374 -0.1596 -0.30174 -0.39735 -0.45887 -0.54157 -0.66762 -0.81638 -0.92584
-0.80365 -0.42857 0.46307 0.37406 -0.099904 -0.20177 0.17719 -0.036267 0.26358 0.2714 0.28321 0.49332 0.0045114 -0.79049 0.55151 0.619 -0.83796 -0.76527 -0.084373 0.83013 0.95701 0.74659 0.088651 -0.13899 -0.71839 -0.72109 -0.5643 0.041922 0.71116 0.87402 0.92513 0.90858 0.86513 0.76946 0.53563 0.33601 0.24475 0.17908 0.0989 0.002645 -0.12509 -0.28965 -0.42327 -0.51088 -0.56588 -0.63983 -0.75125 -0.87733 -0.961
0.69408 0.043082 0.84845 0.16146 -0.44747 -0.38518 0.3211 0.060829 0.078409 0.59164 -0.028832 0.67747 -0.33944 -0.55973 0.74175 0.35074 -0.93697 -0.56365 0.19323 0.94139 0.93213 0.56436 -0.14449 -0.35494 -0.84999 -0.84898 -0.71878 -0.15293 0.56707 0.77411 0.84767 0.82808 0.77352 0.65961 0.39898 0.19017 0.099522 0.036248 -0.041181 -0.13376 -0.25611 -0.41162 -0.5349 -0.6136 -0.66173 -0.72641 -0.82236 -0.92502 -0.98287
-0.25996 0.52488 -0.078808 -0.13088 -0.41798 -0.33543 0.29366 0.1141 -0.13604 0.76048 -0.33353 0.74062 -0.62536 -0.25654 0.83952 0.050151 -0.94548 -0.31802 0.44994 0.98473 0.84822 0.35328 -0.36467 -0.54851 -0.93984 -0.93796 -0.84133 -0.33761 0.40686 0.65163 0.7464 0.72592 0.6633 0.5356 0.25589 0.043343 -0.044536 -0.10407 -0.17727 -0.2646 -0.37966 -0.52392 -0.63543 -0.70459 -0.74571 -0.80083 -0.8808 -0.95969 -0.99208
-0.31793 -0.56732 -0.89007 -0.22636 -0.081692 -0.10129 0.12488 0.11939 -0.32028 0.74457 -0.56461 0.67798 -0.81335 0.074847 0.83884 -0.24985 -0.86855 -0.051403 0.66805 0.96178 0.71436 0.12721 -0.56138 -0.71191 -0.9868 -0.98701 -0.92943 -0.50616 0.23699 0.51195 0.62592 0.60639 0.53862 0.40146 0.11019 -0.10112 -0.18444 -0.23921 -0.30703 -0.38785 -0.49407 -0.62534 -0.72401 -0.78326 -0.81739 -0.86286 -0.92664 -0.98177 -0.98936
0.71667 -0.19127 -0.41508 -0.13199 0.27678 0.17368 -0.092317 0.091741 -0.42578 0.55684 -0.67742 0.50588 -0.88192 0.39123 0.74552 -0.51988 -0.71831 0.21394 0.8346 0.87838 0.54169 -0.10065 -0.72644 -0.83966 -0.99174 -0.99687 -0.98215 -0.6539 0.063552 0.36042 0.49094 0.47385 0.4036 0.26106 -0.034685 -0.24029 -0.31764 -0.36692 -0.4285 -0.50185 -0.59803 -0.71496 -0.80008 -0.84927 -0.87659 -0.9125 -0.96011 -0.99184 -0.97556
-0.65798 0.78265 0.63241 0.0046112 0.40404 0.34401 -0.25477 0.053031 -0.42652 0.24741 -0.65518 0.2564 -0.82846 0.65571 0.57479 -0.73654 -0.51188 0.45823 0.94164 0.7436 0.34242 -0.31843 -0.85415 -0.92849 -0.95724 -0.96978 -1 -0.77738 -0.10791 0.20218 0.34605 0.33253 0.26216 0.11801 -0.17567 -0.37168 -0.44199 -0.48532 -0.54008 -0.60531 -0.69059 -0.7922 -0.86334 -0.90254 -0.92332 -0.94992 -0.98162 -0.99057 -0.95156
0.15026 -0.18545 0.81646 0.093625 0.24833 0.33695 -0.2962 0.02072 -0.3235 -0.11222 -0.50857 -0.029633 -0.667 0.8412 0.34843 -0.88376 -0.26914 0.6653 0.98608 0.56865 0.12898 -0.51606 -0.94116 -0.97723 -0.88723 -0.90912 -0.98468 -0.87432 -0.2725 0.042019 0.19565 0.18644 0.11798 -0.024416 -0.31011 -0.49324 -0.55576 -0.59294 -0.64055 -0.69725 -0.77106 -0.85675 -0.91377 -0.94319 -0.95781 -0.97547 -0.99171 -0.97873 -0.9183
0.44232 -0.75043 -0.056294 0.13187 -0.045282 0.17527 -0.20963 0.001956 -0.14209 -0.44684 -0.27014 -0.3098 -0.42403 0.93219 0.091553 -0.95322 -0.010771 0.82329 0.96914 0.36591 -0.086747 -0.68553 -0.98636 -0.9865 -0.78657 -0.81918 -0.93884 -0.94355 -0.42607 -0.11574 0.043801 0.039293 -0.025617 -0.1633 -0.43579 -0.60333 -0.65763 -0.68867 -0.72902 -0.77702 -0.83905 -0.90851 -0.9515 -0.97152 -0.98043 -0.98961 -0.99101 -0.95711 -0.87673
-0.64217 0.39874 -0.83271 0.12478 -0.26919 -0.050802 -0.041215 -0.0062174 0.07597 -0.69293 0.014356 -0.54627 -0.13349 0.9248 -0.17026 -0.94398 0.24351 0.9249 0.89571 0.14802 -0.294 -0.82099 -0.99054 -0.95845 -0.66081 -0.70479 -0.86586 -0.98489 -0.56521 -0.2673 -0.1058 -0.10556 -0.16563 -0.29609 -0.55091 -0.70073 -0.74663 -0.77171 -0.80489 -0.84422 -0.89441 -0.94762 -0.97688 -0.98796 -0.99168 -0.99291 -0.9802 -0.92659 -0.82782
0.27507 0.64114 -0.58566 0.054546 -0.2977 -0.23668 0.1359 -0.012354 0.28323 -0.80932 0.29549 -0.71035 0.16839 0.8256 -0.41348 -0.86155 0.47629 0.96721 0.7735 -0.072906 -0.48352 -0.91875 -0.95613 -0.89648 -0.51579 -0.57111 -0.76961 -0.99898 -0.68726 -0.40939 -0.24992 -0.24519 -0.29947 -0.42066 -0.65405 -0.78457 -0.82212 -0.84159 -0.86785 -0.89871 -0.9372 -0.97438 -0.99037 -0.99307 -0.99214 -0.98604 -0.96005 -0.88804 -0.77249
0.31965 -0.43114 0.32209 -0.073659 -0.14772 -0.31128 0.25337 -0.024752 0.43706 -0.78175 0.52872 -0.78505 0.44759 0.64949 -0.61843 -0.71651 0.67336 0.95128 0.61219 -0.2858 -0.64784 -0.97711 -0.88686 -0.80489 -0.35743 -0.42341 -0.65428 -0.98718 -0.79032 -0.53934 -0.38576 -0.37705 -0.42494 -0.53525 -0.74419 -0.85433 -0.88378 -0.8981 -0.91781 -0.94054 -0.96765 -0.98923 -0.99256 -0.98753 -0.9825 -0.96969 -0.93135 -0.84233 -0.71168
-0.56719 -0.54243 0.82541 -0.19238 0.060899 -0.26006 0.27206 -0.046884 0.50791 -0.62201 0.68076 -0.76571 0.67576 0.41713 -0.77052 -0.52303 0.82429 0.88152 0.42259 -0.48114 -0.78139 -0.99623 -0.78739 -0.68858 -0.19149 -0.26682 -0.52417 -0.95141 -0.87314 -0.65503 -0.51103 -0.49906 -0.54024 -0.63847 -0.82064 -0.90979 -0.93155 -0.94127 -0.95491 -0.96997 -0.98615 -0.99274 -0.98413 -0.97204 -0.96347 -0.94462 -0.89491 -0.79033 -0.64625
0.22884 0.3315 0.42296 -0.20753 0.19734 -0.11954 0.19188 -0.075607 0.48378 -0.3626 0.73318 -0.65906 0.83251 0.15223 -0.86077 -0.29731 0.92259 0.76501 0.21589 -0.65117 -0.88047 -0.97776 -0.66305 -0.55284 -0.023363 -0.10624 -0.38355 -0.89402 -0.9351 -0.7549 -0.62388 -0.60951 -0.64395 -0.72928 -0.88302 -0.95099 -0.9656 -0.97132 -0.97945 -0.98739 -0.99323 -0.98557 -0.96584 -0.94738 -0.93584 -0.91162 -0.85154 -0.7329 -0.57707
0.31328 0.45263 -0.38243 -0.080743 0.19768 0.047071 0.046558 -0.10231 0.37092 -0.048909 0.6832 -0.481 0.90647 -0.12097 -0.88577 -0.056165 0.96559 0.61065 0.0030505 -0.79005 -0.9432 -0.92468 -0.51951 -0.40304 0.14199 0.053804 -0.23658 -0.81767 -0.97613 -0.83787 -0.7229 -0.70713 -0.73501 -0.80698 -0.93124 -0.9782 -0.98629 -0.98866 -0.99189 -0.99333 -0.9895 -0.96845 -0.93846 -0.91435 -0.90039 -0.87147 -0.80204 -0.67085 -0.50492
-0.4494 -0.16898 -0.7514 0.12344 0.087369 0.17872 -0.11181 -0.11614 0.19093 0.26941 0.54219 -0.25371 0.89519 -0.37987 -0.84726 0.18419 0.95409 0.42852 -0.20578 -0.89388 -0.96932 -0.84092 -0.36251 -0.24449 0.30022 0.20926 -0.087121 -0.72522 -0.99665 -0.90335 -0.80711 -0.791 -0.81269 -0.87115 -0.96545 -0.99189 -0.99416 -0.99385 -0.99283 -0.98841 -0.97564 -0.94215 -0.90282 -0.87379 -0.85793 -0.82496 -0.74722 -0.60497 -0.43055
0.046162 -0.3301 -0.38376 0.27438 -0.05075 0.23781 -0.23166 -0.10787 -0.0244 0.54634 0.33237 -0.0025774 0.80429 -0.60513 -0.7513 0.40918 0.89185 0.22908 -0.40161 -0.96058 -0.96002 -0.73113 -0.1977 -0.08222 0.44756 0.3566 0.061245 -0.61961 -0.99749 -0.95117 -0.87591 -0.86055 -0.87658 -0.92166 -0.986 -0.99268 -0.98988 -0.98754 -0.98292 -0.97334 -0.95242 -0.90749 -0.85976 -0.82652 -0.80923 -0.77286 -0.68783 -0.53601 -0.35467
0.38068 0.022772 0.29531 0.26664 -0.13305 0.21799 -0.27762 -0.073182 -0.23932 0.74564 0.082694 0.24681 0.64583 -0.78181 -0.6073 0.60649 0.785 0.02267 -0.5769 -0.98979 -0.91768 -0.60037 -0.030397 0.079089 0.58094 0.49282 0.20533 -0.50379 -0.97978 -0.9815 -0.92905 -0.9155 -0.92652 -0.95858 -0.99342 -0.98133 -0.9742 -0.97049 -0.96293 -0.94887 -0.92061 -0.8653 -0.81012 -0.77334 -0.7551 -0.71593 -0.62462 -0.46468 -0.27791
-0.28974 0.15893 0.6505 0.094756 -0.1209 0.13913 -0.23905 -0.014354 -0.42029 0.84461 -0.17552 0.4712 0.43652 -0.89993 -0.42696 0.76662 0.6414 -0.18103 -0.72569 -0.98259 -0.84563 -0.45393 0.13449 0.23525 0.69794 0.61549 0.34233 -0.38066 -0.94496 -0.99485 -0.96658 -0.95589 -0.96261 -0.98221 -0.98838 -0.95868 -0.948 -0.94352 -0.93366 -0.91581 -0.88104 -0.81641 -0.75473 -0.71507 -0.69629 -0.65491 -0.55829 -0.39163 -0.20086
-0.18732 0.018797 0.429 -0.14315 -0.033659 0.034898 -0.13022 0.059951 -0.54089 0.83543 -0.41256 0.65155 0.19566 -0.95458 -0.22323 0.883 0.46998 -0.37339 -0.84369 -0.94136 -0.74789 -0.29708 0.29262 0.38261 0.79676 0.72274 0.4699 -0.25298 -0.89463 -0.99199 -0.98882 -0.98195 -0.98515 -0.99301 -0.97167 -0.92567 -0.91217 -0.9075 -0.89594 -0.87497 -0.83452 -0.76164 -0.69438 -0.65247 -0.63354 -0.59049 -0.4895 -0.31748 -0.12407
0.39379 0.0034847 -0.10655 -0.30924 0.070224 -0.061132 0.016381 0.13647 -0.58512 0.72439 -0.6035 0.77432 -0.056664 -0.94559 -0.0092829 0.95201 0.28019 -0.54703 -0.9282 -0.86942 -0.62897 -0.13489 0.44021 0.51807 0.87624 0.81321 0.58608 -0.12334 -0.83055 -0.97389 -0.99632 -0.99413 -0.99462 -0.99157 -0.94416 -0.88325 -0.86765 -0.86331 -0.85063 -0.82719 -0.78187 -0.70182 -0.62987 -0.58629 -0.56755 -0.52334 -0.41887 -0.24279 -0.048022
-0.027125 0.078757 -0.4942 -0.31075 0.12893 -0.12563 0.16055 0.20026 -0.5487 0.5294 -0.73035 0.83195 -0.30133 -0.877 0.20225 0.97282 0.081441 -0.69607 -0.97805 -0.77087 -0.49363 0.027858 0.57414 0.63915 0.93576 0.88603 0.68934 0.005868 -0.75455 -0.9417 -0.9898 -0.99307 -0.99163 -0.97861 -0.90677 -0.83244 -0.8154 -0.81186 -0.7986 -0.77329 -0.72389 -0.63771 -0.56194 -0.51724 -0.49898 -0.45408 -0.347 -0.16807 0.026857
-0.38621 -0.037003 -0.47236 -0.14984 0.1091 -0.1498 0.26534 0.2378 -0.43852 0.27654 -0.78313 0.82281 -0.52142 -0.7562 0.39999 0.94707 -0.11731 -0.81613 -0.99344 -0.6503 -0.34669 0.18682 0.69193 0.74392 0.97521 0.94079 0.77856 0.13249 -0.66852 -0.8967 -0.97015 -0.97951 -0.97694 -0.95492 -0.86049 -0.77425 -0.75639 -0.75405 -0.7407 -0.7141 -0.66137 -0.57007 -0.49131 -0.44598 -0.42847 -0.38331 -0.27441 -0.093803 0.10018
0.18257 -0.22375 -0.12779 0.084848 0.019399 -0.138 0.3058 0.23977 -0.2707 -0.0038801 -0.75994 0.75066 -0.70322 -0.59312 0.57429 0.87846 -0.30791 -0.90435 -0.97577 -0.51259 -0.19287 0.33816 0.79172 0.83102 0.99491 0.97749 0.85296 0.25461 -0.57432 -0.84023 -0.93837 -0.95434 -0.95135 -0.92139 -0.8063 -0.70967 -0.69156 -0.69077 -0.67776 -0.65039 -0.59506 -0.49962 -0.41864 -0.37314 -0.3566 -0.31156 -0.2016 -0.020404 0.1716
0.35552 -0.1254 0.24894 0.27329 -0.096801 -0.10271 0.27358 0.20279 -0.067614 -0.28111 -0.66626 0.62375 -0.83675 -0.39927 0.71756 0.77236 -0.48329 -0.9593 -0.92743 -0.3627 -0.03667 0.47858 0.87227 0.89961 0.9956 0.99647 0.91214 0.37056 -0.47378 -0.77373 -0.89553 -0.9185 -0.91578 -0.87891 -0.74521 -0.63969 -0.62185 -0.62288 -0.61059 -0.58294 -0.52568 -0.42704 -0.34457 -0.2993 -0.28392 -0.23935 -0.12902 0.051747 0.24083
-0.28222 0.21689 0.41108 0.32834 -0.18368 -0.058559 0.17725 0.12998 0.14545 -0.52727 -0.51354 0.45362 -0.91604 -0.18687 0.82439 0.6353 -0.63757 -0.98089 -0.85158 -0.20551 0.11774 0.60536 0.93287 0.94931 0.97828 0.99837 0.95596 0.47894 -0.36867 -0.69861 -0.84279 -0.873 -0.87117 -0.82842 -0.67819 -0.56528 -0.54814 -0.55123 -0.53999 -0.51248 -0.45393 -0.35295 -0.26967 -0.22501 -0.21093 -0.16713 -0.05709 0.12231 0.30761
-0.36133 0.35377 0.30387 0.23452 -0.19815 -0.017356 0.038856 0.030378 0.34358 -0.71979 -0.31751 0.25395 -0.93898 0.031899 0.89162 0.47461 -0.76622 -0.97017 -0.752 -0.045673 0.26663 0.71634 0.97335 0.98018 0.94427 0.9841 0.98459 0.57858 -0.26067 -0.6163 -0.78131 -0.81888 -0.81849 -0.77087 -0.60622 -0.48735 -0.47128 -0.4766 -0.46668 -0.4397 -0.38044 -0.27796 -0.19449 -0.15076 -0.13808 -0.095337 0.013828 0.191 0.37173
0.35606 0.054871 0.046373 0.045892 -0.12736 0.014527 -0.11196 -0.082658 0.5051 -0.84306 -0.096361 0.039345 -0.90702 0.24559 0.91817 0.2979 -0.86605 -0.92918 -0.63282 0.1125 0.4067 0.80994 0.99398 0.99266 0.89503 0.95475 0.99842 0.66856 -0.15136 -0.52822 -0.71228 -0.75719 -0.75871 -0.70721 -0.53022 -0.40677 -0.39211 -0.39975 -0.39138 -0.36526 -0.30582 -0.20261 -0.11951 -0.076996 -0.065808 -0.024342 0.083401 0.25754 0.433
0.41676 -0.35662 -0.18962 -0.14792 0.007401 0.036241 -0.2446 -0.19361 0.61366 -0.88911 0.1311 -0.17578 -0.8247 0.44399 0.90488 0.11281 -0.93516 -0.86078 -0.49841 0.26512 0.53519 0.8851 0.99541 0.98751 0.83222 0.9116 0.99805 0.74818 -0.042179 -0.4357 -0.63687 -0.68899 -0.6928 -0.63835 -0.45109 -0.32438 -0.31137 -0.32139 -0.31474 -0.28976 -0.23063 -0.1274 -0.0452 -0.0041308 0.0055181 0.045508 0.15134 0.32172 0.49129
-0.39106 -0.39665 -0.29104 -0.26672 0.15977 0.050733 -0.33351 -0.28715 0.65945 -0.85742 0.347 -0.37811 -0.69896 0.6185 0.85426 -0.073383 -0.97287 -0.76841 -0.35318 0.40876 0.64983 0.94127 0.97863 0.96574 0.75755 0.85602 0.98423 0.81696 0.065539 -0.34004 -0.55623 -0.61531 -0.62174 -0.5652 -0.36968 -0.24093 -0.22978 -0.24219 -0.23737 -0.21378 -0.15539 -0.052785 0.028046 0.067468 0.075555 0.11391 0.21738 0.38336 0.54647
-0.53153 -0.0021932 -0.24343 -0.2723 0.27602 0.062192 -0.36251 -0.35029 0.63969 -0.7542 0.53574 -0.55613 -0.53853 0.76235 0.77015 -0.25396 -0.97958 -0.65594 -0.20147 0.54053 0.74887 0.97833 0.9449 0.92858 0.67282 0.78946 0.95787 0.87459 0.1706 -0.24248 -0.47148 -0.53718 -0.54644 -0.48863 -0.28679 -0.15716 -0.14799 -0.16274 -0.15985 -0.13783 -0.080566 0.020813 0.099863 0.13747 0.144 0.18058 0.2813 0.44228 0.59845
0.32795 0.41016 -0.10275 -0.17754 0.31374 0.073673 -0.32693 -0.37402 0.55816 -0.59106 0.68486 -0.70066 -0.35324 0.87076 0.65746 -0.42298 -0.95666 -0.5275 -0.047413 0.65806 0.83105 0.99657 0.89569 0.87745 0.5798 0.71344 0.91997 0.92097 0.27196 -0.14414 -0.38369 -0.45556 -0.4678 -0.40946 -0.20315 -0.073708 -0.066619 -0.083626 -0.082694 -0.062385 -0.0065905 0.093024 0.16993 0.2056 0.21059 0.24529 0.34292 0.49838 0.64718
0.67355 0.41457 0.056201 -0.032204 0.25544 0.08564 -0.23344 -0.35435 0.42427 -0.38351 0.78568 -0.80514 -0.15334 0.94088 0.52179 -0.5754 -0.9063 -0.38733 0.10516 0.75952 0.89558 0.99662 0.83264 0.81386 0.48028 0.62946 0.87159 0.95614 0.36869 -0.04609 -0.29385 -0.37137 -0.38668 -0.32848 -0.11947 0.0088196 0.013792 -0.0053476 -0.0063722 0.012111 0.066149 0.16352 0.23795 0.27158 0.27509 0.30783 0.40206 0.55154 0.69262
-0.12308 0.017146 0.1761 0.10345 0.11328 0.095706 -0.097968 -0.29258 0.25163 -0.14925 0.83344 -0.86569 0.051015 0.97173 0.36916 -0.70715 -0.83129 -0.23962 0.25274 0.84358 0.94209 0.97943 0.75747 0.73941 0.37598 0.53902 0.81387 0.98026 0.45999 0.050717 -0.20294 -0.2855 -0.30388 -0.24643 -0.036357 0.089883 0.092744 0.071628 0.068685 0.08527 0.1373 0.232 0.30369 0.33521 0.33729 0.36803 0.45859 0.60169 0.73474
-0.78485 -0.38641 0.2273 0.18378 -0.075625 0.099458 0.057586 -0.19485 0.056446 0.093387 0.82723 -0.88107 0.25027 0.964 0.20573 -0.81514 -0.73492 -0.088421 0.39228 0.90942 0.97062 0.94615 0.67199 0.65573 0.26855 0.4436 0.74795 0.99365 0.54522 0.14541 -0.11181 -0.19877 -0.22016 -0.16398 0.045599 0.169 0.16979 0.14689 0.14209 0.15674 0.20657 0.29821 0.36693 0.39631 0.39703 0.42574 0.5124 0.64877 0.77355
-0.25043 -0.42383 0.20236 0.1921 -0.26072 0.091994 0.20921 -0.071229 -0.14415 0.32686 0.76968 -0.85246 0.43589 0.91988 0.037552 -0.89732 -0.62082 0.062461 0.52111 0.95664 0.98154 0.89815 0.57801 0.56448 0.15954 0.34459 0.67501 0.99671 0.62382 0.23721 -0.021282 -0.11193 -0.13621 -0.081761 0.12589 0.24573 0.24455 0.22006 0.21351 0.22622 0.27367 0.36194 0.42749 0.4547 0.45417 0.48083 0.56341 0.69275 0.80907
0.70905 -0.086277 0.10998 0.14085 -0.39237 0.069626 0.33456 0.065633 -0.33366 0.53563 0.66633 -0.78312 0.60057 0.84274 -0.12963 -0.95256 -0.49279 0.20954 0.63707 0.98528 0.97552 0.83693 0.47734 0.46726 0.05042 0.24336 0.59619 0.98991 0.69539 0.32544 0.067905 -0.025696 -0.052688 -0.00035817 0.20404 0.31971 0.31666 0.29082 0.28264 0.29344 0.33838 0.42299 0.48522 0.51027 0.50858 0.53321 0.61156 0.73362 0.84132
0.68742 0.30301 -0.025623 0.060666 -0.43482 0.031278 0.41601 0.20197 -0.49745 0.70696 0.52508 -0.67805 0.73852 0.73694 -0.29056 -0.98061 -0.35469 0.34968 0.73843 0.99572 0.9535 0.7641 0.37175 0.36567 -0.057484 0.14115 0.51262 0.97383 0.7596 0.40951 0.15509 0.059307 0.02982 0.079708 0.27965 0.3906 0.38584 0.35889 0.34922 0.35815 0.40049 0.48121 0.54 0.56291 0.56017 0.58279 0.65678 0.77138 0.87036
-0.32275 0.40837 -0.16485 -0.014997 -0.37475 -0.020768 0.44275 0.3244 -0.62382 0.83155 0.35543 -0.5435 0.84545 0.60751 -0.4406 -0.98202 -0.21032 0.4802 0.82389 0.98867 0.91661 0.68133 0.26293 0.26122 -0.16295 0.03914 0.4254 0.94907 0.81625 0.48891 0.23967 0.1425 0.11078 0.15796 0.35237 0.45814 0.45182 0.42402 0.41303 0.42016 0.45983 0.53646 0.59173 0.61254 0.60888 0.62953 0.69907 0.80604 0.89623
-0.94481 0.16896 -0.25966 -0.062846 -0.22345 -0.080918 0.41169 0.42123 -0.70456 0.90371 0.16775 -0.38663 0.91867 0.4599 -0.57577 -0.95802 -0.063348 0.59879 0.89261 0.9651 0.86614 0.59029 0.15249 0.15533 -0.2649 -0.061593 0.33556 0.91629 0.8652 0.56322 0.32113 0.22336 0.18971 0.23399 0.42188 0.52209 0.5144 0.48602 0.47387 0.4793 0.51626 0.58866 0.64034 0.65911 0.65465 0.67338 0.73841 0.83763 0.91901
-0.33154 -0.18458 -0.26932 -0.076076 -0.013026 -0.14106 0.32726 0.48348 -0.7353 0.92139 -0.02732 -0.21503 0.95697 0.29974 -0.69288 -0.91042 0.082787 0.70361 0.94411 0.92619 0.80352 0.49267 0.041933 0.049341 -0.36238 -0.16007 0.24411 0.87618 0.90642 0.6321 0.39901 0.30144 0.26618 0.30742 0.48793 0.58226 0.5734 0.54472 0.5316 0.53542 0.56968 0.63772 0.68578 0.70258 0.69744 0.71432 0.7748 0.8662 0.93877
0.72948 -0.35459 -0.17897 -0.063117 0.21177 -0.19189 0.20027 0.50555 -0.71544 0.88588 -0.21955 -0.036358 0.96055 0.13265 -0.78947 -0.84151 0.22494 0.79325 0.9783 0.87331 0.73026 0.39012 -0.067362 -0.055511 -0.45455 -0.25543 0.15197 0.82943 0.93995 0.69529 0.47292 0.37634 0.33983 0.37793 0.5503 0.63849 0.62868 0.59997 0.58609 0.58843 0.61998 0.68359 0.72802 0.74293 0.73725 0.75235 0.80826 0.89179 0.95559
0.91307 -0.22347 -0.010815 -0.040862 0.40391 -0.22451 0.046122 0.48552 -0.64785 0.80143 -0.39957 0.14198 0.93085 -0.035975 -0.86387 -0.75392 0.36029 0.86672 0.99542 0.80795 0.6479 0.28421 -0.17413 -0.1581 -0.54071 -0.34688 0.060006 0.77677 0.96588 0.75258 0.54253 0.44772 0.41032 0.44523 0.60881 0.69069 0.68015 0.65168 0.63723 0.63823 0.66711 0.72623 0.76705 0.78017 0.77408 0.78748 0.83881 0.91446 0.96956
0.018409 0.074653 0.1797 -0.025961 0.52396 -0.23197 -0.11731 0.42507 -0.5384 0.67471 -0.55926 0.31314 0.87035 -0.2011 -0.91511 -0.65053 0.48638 0.92339 0.99596 0.73169 0.55801 0.17646 -0.27724 -0.25743 -0.62028 -0.43377 -0.030988 0.71891 0.98439 0.80385 0.60758 0.51528 0.47738 0.5091 0.66333 0.73876 0.72772 0.69978 0.68497 0.68476 0.71103 0.76563 0.80287 0.81429 0.80792 0.81971 0.8665 0.93428 0.98077
-0.90139 0.28738 0.32291 -0.02775 0.54767 -0.21043 -0.27191 0.32913 -0.39524 0.51414 -0.69203 0.47101 0.78241 -0.35819 -0.94291 -0.53439 0.60115 0.96304 0.98071 0.64615 0.46215 0.068292 -0.37568 -0.35259 -0.69279 -0.51551 -0.12028 0.65654 0.99568 0.84902 0.66786 0.57879 0.54077 0.56934 0.71376 0.78267 0.77136 0.74421 0.72924 0.72799 0.7517 0.80179 0.8355 0.84533 0.83882 0.84909 0.89138 0.95132 0.98932
-0.83795 0.25162 0.36158 -0.045095 0.46978 -0.15987 -0.40129 0.20528 -0.22815 0.32932 -0.79298 0.61043 0.67102 -0.50325 -0.94763 -0.40859 0.7029 0.98575 0.95063 0.55297 0.36186 -0.038985 -0.46861 -0.44281 -0.75789 -0.59162 -0.20723 0.59036 1 0.88807 0.72319 0.63805 0.60031 0.62579 0.76003 0.82238 0.81104 0.78495 0.77003 0.76788 0.78913 0.83473 0.86498 0.87333 0.86681 0.87566 0.91349 0.96567 0.99531
0.10932 0.0095436 0.27398 -0.067686 0.304 -0.08421 -0.4924 0.062924 -0.047734 0.13038 -0.85896 0.72726 0.54066 -0.63296 -0.93014 -0.2762 0.79033 0.99192 0.90687 0.45381 0.2586 -0.14416 -0.55527 -0.52743 -0.81533 -0.66172 -0.29124 0.52103 0.99765 0.92102 0.77347 0.69291 0.65585 0.67834 0.80211 0.85792 0.84677 0.82199 0.80733 0.80445 0.82332 0.86447 0.89134 0.89833 0.89192 0.89945 0.9329 0.9774 0.99883
0.94645 -0.24032 0.083543 -0.080708 0.079321 0.0091926 -0.5366 -0.087464 0.13527 -0.072585 -0.88855 0.81845 0.39602 -0.74462 -0.89181 -0.14022 0.8625 0.98218 0.85068 0.35024 0.15378 -0.24615 -0.63506 -0.60588 -0.86494 -0.7255 -0.37181 0.44922 0.98896 0.94794 0.81863 0.74327 0.70726 0.7269 0.83997 0.8893 0.87858 0.85535 0.84116 0.8377 0.85429 0.89107 0.91465 0.92039 0.91422 0.92054 0.94968 0.98661 1
0.84649 -0.30153 -0.14861 -0.07088 -0.1659 0.11044 -0.53015 -0.23524 0.31062 -0.27 -0.88195 0.882 0.24193 -0.83624 -0.83439 -0.0034831 0.91883 0.9574 0.78345 0.24383 0.048712 -0.34398 -0.7075 -0.67772 -0.90665 -0.78274 -0.44847 0.37552 0.97426 0.96895 0.85863 0.78905 0.75448 0.7714 0.87365 0.91658 0.90651 0.88506 0.87153 0.86765 0.88209 0.91457 0.93496 0.93958 0.93377 0.93897 0.9639 0.99338 0.99892
-0.0684 -0.12288 -0.34516 -0.031695 -0.39108 0.20836 -0.47425 -0.37036 0.4691 -0.45321 -0.8408 0.917 0.083101 -0.90645 -0.75991 0.13135 0.95907 0.91864 0.7066 0.13603 -0.055375 -0.4368 -0.7722 -0.74259 -0.94048 -0.83329 -0.52087 0.30054 0.95392 0.98419 0.89349 0.83022 0.79745 0.81183 0.90316 0.93982 0.93061 0.91117 0.89849 0.89436 0.90677 0.93503 0.95236 0.95596 0.95063 0.95482 0.97564 0.99781 0.99568
-0.91497 0.17094 -0.43957 0.033738 -0.5602 0.29182 -0.37454 -0.48399 0.60295 -0.6148 -0.76798 0.92349 -0.075924 -0.95453 -0.67067 0.26187 0.98327 0.86708 0.6216 0.028221 -0.15736 -0.52388 -0.8289 -0.80024 -0.9665 -0.87707 -0.58866 0.22482 0.92833 0.99381 0.92324 0.86677 0.83616 0.84816 0.92858 0.9591 0.95097 0.93374 0.9221 0.91788 0.92837 0.95254 0.9669 0.96962 0.96488 0.96817 0.98498 0.99998 0.9904
-0.92283 0.37133 -0.39845 0.11297 -0.64728 0.35108 -0.24026 -0.56906 0.70616 -0.74882 -0.66742 0.90239 -0.23094 -0.98033 -0.56911 0.3859 0.99173 0.80403 0.52993 -0.07832 -0.25622 -0.60461 -0.87744 -0.85049 -0.98485 -0.91405 -0.6516 0.14888 0.89786 0.99803 0.94796 0.89871 0.8706 0.88043 0.94996 0.97453 0.96766 0.95285 0.94242 0.93826 0.94696 0.96715 0.97869 0.98063 0.97659 0.97908 0.992 1 0.98318
-0.12066 0.32966 -0.2319 0.18726 -0.63971 0.37883 -0.08319 -0.62059 0.77459 -0.85086 -0.54376 0.85541 -0.37813 -0.98425 -0.45773 0.50157 0.98501 0.73087 0.43304 -0.18242 -0.35104 -0.67848 -0.91775 -0.89326 -0.99574 -0.94427 -0.70949 0.073202 0.86292 0.99706 0.96773 0.92611 0.90081 0.90867 0.96741 0.98621 0.9808 0.96858 0.95952 0.95558 0.96263 0.97897 0.98779 0.98909 0.98585 0.98763 0.99679 0.99796 0.97412
0.75988 0.055357 0.010967 0.23645 -0.53937 0.37096 0.083538 -0.63587 0.80606 -0.91814 -0.40222 0.78489 -0.51417 -0.96713 -0.33908 0.60726 0.96386 0.64904 0.33236 -0.28303 -0.44104 -0.7451 -0.94983 -0.92853 -0.9994 -0.96783 -0.76216 -0.0017612 0.82389 0.99112 0.98267 0.94902 0.92684 0.93294 0.98102 0.99426 0.99048 0.98102 0.9735 0.96992 0.97545 0.98806 0.99432 0.99507 0.99273 0.99392 0.99942 0.99395 0.96332
0.98653 -0.29247 0.25851 0.24412 -0.36134 0.32691 0.24658 -0.61446 0.80026 -0.94943 -0.24826 0.69368 -0.63622 -0.93023 -0.21566 0.70167 0.92921 0.55999 0.22925 -0.3792 -0.52552 -0.80418 -0.97379 -0.95634 -0.99613 -0.98485 -0.80952 -0.075604 0.78117 0.98047 0.99293 0.96753 0.94875 0.9533 0.9909 0.99882 0.99683 0.99027 0.98444 0.98136 0.9855 0.99454 0.99836 0.99868 0.99732 0.99801 1 0.98807 0.95088
0.43687 -0.50457 0.43882 0.20198 -0.1309 0.24965 0.39347 -0.55804 0.7586 -0.94498 -0.087419 0.58502 -0.742 -0.87513 -0.08991 0.78376 0.88213 0.46516 0.12503 -0.47012 -0.6039 -0.85551 -0.98976 -0.97682 -0.98625 -0.9955 -0.85151 -0.14795 0.73515 0.96536 0.99865 0.98176 0.96663 0.96985 0.99719 1 0.99996 0.99644 0.99243 0.98999 0.99288 0.99848 1 1 0.99972 1 0.9986 0.98041 0.9369
-0.4097 -0.44425 0.50064 0.11224 0.12066 0.14532 0.51351 -0.47023 0.68403 -0.90636 0.074896 0.4624 -0.82975 -0.8037 0.035877 0.85278 0.82379 0.36599 0.020929 -0.55508 -0.67569 -0.89899 -0.99797 -0.99012 -0.97011 -1 -0.8881 -0.21847 0.68621 0.94605 1 0.99182 0.98058 0.98268 1 0.99796 1 0.99965 0.99758 0.9959 0.99768 1 0.99935 0.99913 1 0.99997 0.99532 0.97106 0.92147
-0.92632 -0.12382 0.4274 -0.012594 0.36052 0.022525 0.59844 -0.35616 0.58073 -0.83627 0.23358 0.32944 -0.89828 -0.718 0.15955 0.90822 0.75545 0.26385 -0.081925 -0.63348 -0.74053 -0.93458 -0.99869 -0.99645 -0.94808 -0.99857 -0.91933 -0.28685 0.63472 0.92283 0.99716 0.99785 0.99071 0.9919 0.99948 0.99283 0.99708 1 1 0.99921 1 0.99918 0.9965 0.99617 0.99826 0.99801 0.99024 0.96012 0.90468
-0.78189 0.2997 0.24003 -0.15203 0.55865 -0.10849 0.64285 -0.22217 0.45387 -0.73837 0.38399 0.18982 -0.94688 -0.62021 0.27915 0.94985 0.67841 0.16008 -0.18248 -0.70485 -0.79812 -0.96233 -0.99222 -0.99606 -0.92056 -0.99148 -0.94524 -0.35283 0.58104 0.89595 0.99033 1 0.99714 0.99763 0.99576 0.98477 0.99134 0.99762 0.99979 1 0.99993 0.99614 0.99156 0.99121 0.99459 0.9942 0.98344 0.94767 0.88663
-0.11322 0.60859 -0.011342 -0.28148 0.69142 -0.23684 0.64435 -0.075319 0.30929 -0.61701 0.52198 0.047098 -0.97534 -0.51262 0.3929 0.97764 0.59401 0.055934 -0.27979 -0.76881 -0.84826 -0.98235 -0.97891 -0.98924 -0.88794 -0.979 -0.96591 -0.41617 0.52552 0.8657 0.9797 0.99841 1 1 0.98901 0.97392 0.98292 0.99263 0.99706 0.99838 0.99758 0.99096 0.98463 0.98434 0.98907 0.98863 0.97502 0.93381 0.86741
0.61119 0.64153 -0.26218 -0.37683 0.74416 -0.35198 0.6035 0.076958 0.15318 -0.47702 0.64408 -0.095293 -0.98388 -0.39753 0.49926 0.99178 0.50359 -0.04742 -0.373 -0.82507 -0.89085 -0.9948 -0.95915 -0.9763 -0.85065 -0.96143 -0.98145 -0.47667 0.46849 0.83234 0.96546 0.99326 0.99943 0.99914 0.97935 0.96044 0.97194 0.98514 0.99193 0.99446 0.99304 0.98376 0.97579 0.97567 0.9818 0.98138 0.96506 0.91861 0.84709
0.92951 0.36877 -0.45025 -0.41902 0.71214 -0.4445 0.52359 0.22731 -0.0081647 -0.32358 0.74748 -0.23416 -0.97313 -0.27723 0.59689 0.99262 0.40849 -0.14889 -0.46137 -0.87347 -0.92584 -0.99991 -0.93334 -0.95758 -0.80908 -0.93908 -0.99201 -0.53416 0.41028 0.79615 0.94783 0.9847 0.99558 0.99517 0.96695 0.94447 0.95855 0.9753 0.98451 0.98833 0.98642 0.97463 0.96516 0.96527 0.97285 0.97253 0.95364 0.90217 0.82576
0.66537 -0.097572 -0.5314 -0.39758 0.60036 -0.50689 0.41025 0.3688 -0.16862 -0.1619 0.83005 -0.36657 -0.94405 -0.15393 0.6847 0.9807 0.30999 -0.24749 -0.54425 -0.9139 -0.95327 -0.99794 -0.9019 -0.93342 -0.76366 -0.91227 -0.99772 -0.58848 0.35119 0.7574 0.92702 0.9729 0.98859 0.98826 0.95195 0.92616 0.94289 0.96321 0.9749 0.98011 0.97781 0.96367 0.95282 0.95326 0.96233 0.96218 0.94084 0.88456 0.80349
-0.005877 -0.55131 -0.48952 -0.31209 0.42242 -0.53411 0.27085 0.49519 -0.32244 0.0028487 0.89037 -0.48995 -0.89791 -0.029779 0.76179 0.95668 0.20936 -0.34232 -0.6211 -0.94635 -0.97323 -0.9892 -0.86526 -0.9042 -0.71481 -0.88131 -0.99876 -0.63952 0.29151 0.71634 0.90323 0.95805 0.97861 0.97853 0.93452 0.90567 0.92508 0.94901 0.96324 0.9699 0.96733 0.95098 0.93888 0.93971 0.95032 0.9504 0.92674 0.86586 0.78038
-0.66434 -0.79284 -0.33733 -0.1723 0.19856 -0.52378 0.11399 0.6012 -0.46445 0.16576 0.92769 -0.60208 -0.83622 0.093234 0.8275 0.92135 0.10779 -0.43258 -0.69146 -0.97088 -0.98586 -0.97401 -0.82387 -0.87029 -0.66291 -0.84654 -0.99532 -0.68718 0.23152 0.67323 0.87667 0.94032 0.9658 0.96613 0.91479 0.88313 0.90527 0.93281 0.94962 0.95781 0.95507 0.93666 0.92343 0.92472 0.93689 0.93727 0.91143 0.84615 0.75648
-0.92321 -0.71622 -0.11153 0.0032189 -0.047224 -0.47626 -0.051077 0.68268 -0.59017 0.32228 0.94191 -0.70109 -0.76066 0.21326 0.88137 0.87559 0.0064102 -0.5176 -0.75497 -0.9876 -0.99137 -0.95274 -0.77817 -0.83208 -0.60839 -0.80828 -0.98759 -0.7314 0.17146 0.62832 0.84755 0.91988 0.95031 0.9512 0.89292 0.8587 0.88359 0.91473 0.93416 0.94393 0.94112 0.9208 0.90656 0.90837 0.92213 0.92287 0.89497 0.82551 0.73187
-0.65991 -0.34293 0.13622 0.19037 -0.28981 -0.39453 -0.21508 0.7367 -0.69593 0.46832 0.93348 -0.78551 -0.67309 0.32861 0.92313 0.82035 -0.093729 -0.59675 -0.81136 -0.99671 -0.99 -0.92578 -0.72861 -0.78995 -0.55161 -0.76686 -0.97578 -0.77213 0.11158 0.58184 0.81608 0.89692 0.9323 0.9339 0.86905 0.83251 0.86017 0.89491 0.91696 0.92838 0.92559 0.9035 0.88836 0.89075 0.90612 0.90727 0.87744 0.80399 0.70662
-0.035215 0.18107 0.353 0.36324 -0.50538 -0.28392 -0.36923 0.76157 -0.77893 0.60037 0.90339 -0.85426 -0.57543 0.43778 0.9527 0.75663 -0.19165 -0.66956 -0.86045 -0.99843 -0.98203 -0.89353 -0.67565 -0.74429 -0.49296 -0.72259 -0.96011 -0.80933 0.052106 0.53403 0.78245 0.8716 0.91193 0.91436 0.84334 0.8047 0.83513 0.87344 0.89815 0.91125 0.90857 0.88485 0.86892 0.87195 0.88894 0.89056 0.85891 0.78168 0.68079
0.5922 0.65409 0.49544 0.49745 -0.674 -0.15148 -0.5056 0.75687 -0.83727 0.71546 0.85308 -0.90662 -0.46967 0.53945 0.97018 0.68548 -0.28648 -0.73561 -0.90212 -0.99304 -0.96777 -0.85638 -0.6197 -0.69547 -0.43281 -0.6758 -0.94079 -0.84301 -0.0067573 0.48511 0.74686 0.84409 0.88934 0.89273 0.81591 0.77542 0.80861 0.85045 0.87781 0.89264 0.89015 0.86495 0.84833 0.85203 0.87066 0.87279 0.83946 0.75864 0.65445
0.90409 0.90045 0.53706 0.57407 -0.78106 -0.0055533 -0.61758 0.72338 -0.8699 0.8113 0.78439 -0.94221 -0.35778 0.63252 0.9758 0.60795 -0.37742 -0.7946 -0.93633 -0.98086 -0.94756 -0.81477 -0.56121 -0.64389 -0.37148 -0.62678 -0.91805 -0.87316 -0.064818 0.43529 0.70951 0.81457 0.8647 0.86916 0.78692 0.74478 0.78072 0.82605 0.85607 0.87264 0.87043 0.84387 0.82666 0.8311 0.85137 0.85405 0.81914 0.73494 0.62764
0.76085 0.82499 0.47422 0.58179 -0.81801 0.14482 -0.70011 0.66286 -0.87663 0.88622 0.69942 -0.96102 -0.24175 0.71606 0.96993 0.52513 -0.46375 -0.84628 -0.96312 -0.96224 -0.92177 -0.76911 -0.50058 -0.58989 -0.30933 -0.57585 -0.89211 -0.8998 -0.1219 0.38477 0.67058 0.78321 0.83814 0.84377 0.75649 0.71292 0.75158 0.80035 0.833 0.85136 0.84949 0.8217 0.804 0.8092 0.83112 0.8344 0.79803 0.71063 0.60044
0.24475 0.45937 0.32306 0.51777 -0.78326 0.29061 -0.74971 0.57807 -0.85806 0.93915 0.60053 -0.96331 -0.12348 0.78932 0.95307 0.43805 -0.54487 -0.89052 -0.98255 -0.93756 -0.89075 -0.71981 -0.43823 -0.53385 -0.24666 -0.52329 -0.86321 -0.92299 -0.17784 0.33375 0.63026 0.75017 0.80982 0.81671 0.72476 0.67996 0.7213 0.77345 0.80873 0.82888 0.82743 0.79853 0.78042 0.78643 0.81 0.81391 0.77618 0.68577 0.57289
-0.38272 -0.070822 0.11517 0.38865 -0.68146 0.42323 -0.76466 0.4725 -0.81547 0.96965 0.49024 -0.94962 -0.0047903 0.85176 0.92581 0.34777 -0.62025 -0.92724 -0.99479 -0.90721 -0.85491 -0.6673 -0.37454 -0.4761 -0.18377 -0.46937 -0.83156 -0.94276 -0.2325 0.2824 0.58871 0.7156 0.77988 0.78811 0.69186 0.64601 0.69 0.74545 0.78334 0.8053 0.80432 0.77444 0.75601 0.76286 0.78806 0.79263 0.75366 0.66043 0.54505
-0.83891 -0.58481 -0.10865 0.20867 -0.5225 0.5351 -0.74499 0.35018 -0.75077 0.97783 0.37113 -0.92073 0.1126 0.90301 0.88884 0.25529 -0.68944 -0.95644 -1 -0.87161 -0.81465 -0.61199 -0.30987 -0.41699 -0.12094 -0.41438 -0.7974 -0.95918 -0.28574 0.23091 0.54611 0.67966 0.74847 0.7581 0.6579 0.6112 0.65778 0.71647 0.75692 0.78069 0.78025 0.7495 0.73084 0.73855 0.76538 0.77064 0.73053 0.63465 0.51696
-0.9093 -0.91329 -0.30846 -0.0022592 -0.32084 0.62006 -0.69217 0.21558 -0.66636 0.96429 0.24584 -0.87765 0.22708 0.94287 0.84291 0.16157 -0.7521 -0.97817 -0.99843 -0.83117 -0.77035 -0.55428 -0.24459 -0.35683 -0.058434 -0.35857 -0.76094 -0.97232 -0.33745 0.17942 0.50263 0.6425 0.71572 0.72681 0.62301 0.57563 0.62475 0.68658 0.72956 0.75515 0.75529 0.72378 0.70496 0.71356 0.74201 0.74799 0.70683 0.60848 0.48867
-0.5729 -0.95648 -0.45011 -0.22054 -0.093497 0.67349 -0.60913 0.07334 -0.56505 0.9301 0.11696 -0.82152 0.33722 0.97128 0.78882 0.067535 -0.80795 -0.99256 -0.99034 -0.78634 -0.72242 -0.49455 -0.17903 -0.29593 0.0035053 -0.30218 -0.72241 -0.98226 -0.38752 0.1281 0.4584 0.60427 0.68175 0.69436 0.5873 0.53941 0.591 0.65589 0.70136 0.72875 0.72953 0.69736 0.67846 0.68797 0.71802 0.72474 0.68264 0.58199 0.46023
0.028207 -0.70101 -0.51291 -0.42255 0.14125 0.69273 -0.49999 -0.071834 -0.44993 0.87673 -0.013007 -0.75365 0.4417 0.98834 0.72742 -0.025946 -0.85679 -0.99976 -0.97602 -0.73753 -0.67126 -0.43319 -0.11351 -0.23458 0.06465 -0.24544 -0.68201 -0.98908 -0.43586 0.077091 0.41359 0.5651 0.64671 0.66087 0.55088 0.50264 0.55663 0.62448 0.67238 0.70158 0.70304 0.67031 0.6514 0.66183 0.69347 0.70094 0.65798 0.5552 0.43167
0.62487 -0.23614 -0.49029 -0.58634 0.36537 0.67695 -0.36968 -0.21537 -0.32428 0.80594 -0.14166 -0.67544 0.53936 0.99428 0.65959 -0.11807 -0.89849 -1 -0.95581 -0.6852 -0.61727 -0.37057 -0.048313 -0.17307 0.12479 -0.18858 -0.63995 -0.99289 -0.48238 0.026517 0.36834 0.52512 0.61071 0.62645 0.51385 0.46541 0.52172 0.59244 0.64273 0.67371 0.67588 0.6427 0.62384 0.6352 0.6684 0.67665 0.63293 0.52817 0.40304
0.96245 0.29996 -0.38983 -0.69491 0.56262 0.62702 -0.22387 -0.35296 -0.19148 0.71978 -0.26679 -0.58839 0.62923 0.98944 0.58622 -0.20808 -0.933 -0.99353 -0.93004 -0.62977 -0.56083 -0.30702 0.016273 -0.11163 0.18373 -0.13181 -0.59644 -0.99378 -0.52703 -0.023495 0.32277 0.48448 0.57387 0.59121 0.47632 0.42781 0.48637 0.55986 0.61246 0.64521 0.64812 0.61458 0.59583 0.60814 0.64288 0.65192 0.60752 0.50095 0.37437
0.89088 0.74533 -0.232 -0.73696 0.7192 0.54568 -0.068535 -0.48065 -0.054877 0.62048 -0.38634 -0.494 0.71047 0.97425 0.5082 -0.29531 -0.96032 -0.98063 -0.89909 -0.57165 -0.50233 -0.24288 0.079995 -0.050532 0.24131 -0.075309 -0.55168 -0.99186 -0.56973 -0.072831 0.27702 0.44327 0.53632 0.55526 0.43838 0.38994 0.45066 0.5268 0.58166 0.61615 0.61984 0.58602 0.56745 0.5807 0.61695 0.62679 0.58179 0.47356 0.3457
0.44819 0.98119 -0.043668 -0.70808 0.82531 0.43696 0.090224 -0.59498 0.082251 0.5104 -0.49849 -0.39383 0.78241 0.94926 0.42642 -0.37913 -0.98051 -0.96163 -0.86332 -0.51127 -0.44212 -0.17848 0.14261 0.010009 0.29735 -0.01927 -0.50584 -0.98724 -0.61045 -0.12139 0.2312 0.40164 0.49815 0.51871 0.40012 0.35187 0.41466 0.49334 0.5504 0.58659 0.59109 0.55708 0.53873 0.55294 0.59066 0.60131 0.5558 0.44605 0.31706
-0.1806 0.94197 0.14465 -0.61135 0.87462 0.30613 0.24647 -0.69303 0.21678 0.39199 -0.60166 -0.28941 0.84454 0.91508 0.34174 -0.459 -0.99369 -0.93686 -0.82313 -0.44903 -0.38057 -0.11411 0.20391 0.069779 0.35172 0.036142 -0.45911 -0.98003 -0.64914 -0.16907 0.18544 0.35967 0.45947 0.48164 0.36163 0.31368 0.37846 0.45956 0.51874 0.55661 0.56194 0.52781 0.50973 0.52489 0.56407 0.57553 0.52958 0.41846 0.28848
-0.73224 0.65191 0.30569 -0.45551 0.86536 0.15933 0.3946 -0.77243 0.34585 0.26769 -0.69447 -0.18225 0.89648 0.87237 0.25503 -0.53442 -1 -0.9067 -0.77889 -0.38531 -0.31802 -0.050042 0.26369 0.12858 0.40428 0.090768 -0.41166 -0.97034 -0.68578 -0.21578 0.13983 0.31749 0.42039 0.44416 0.32298 0.27545 0.34211 0.42552 0.48675 0.52627 0.53244 0.49827 0.4805 0.49662 0.53721 0.54948 0.50317 0.39082 0.25999
-1 0.19133 0.41701 -0.25539 0.79955 0.0031739 0.52955 -0.83151 0.46682 0.13992 -0.77583 -0.073809 0.93801 0.82185 0.16709 -0.60499 -0.99966 -0.87152 -0.73101 -0.3205 -0.25478 0.01345 0.32176 0.18624 0.45493 0.14446 -0.36367 -0.95829 -0.72034 -0.26145 0.094476 0.27519 0.38099 0.40635 0.28427 0.23725 0.30569 0.3913 0.45449 0.49561 0.50264 0.4685 0.45109 0.46816 0.51012 0.52322 0.4766 0.36316 0.23162
-0.88024 -0.31123 0.46657 -0.028754 0.68269 -0.15547 0.64698 -0.8691 0.57741 0.011034 -0.84485 0.034522 0.96904 0.76428 0.078713 -0.67034 -0.9929 -0.8317 -0.67988 -0.25494 -0.19119 0.076125 0.37798 0.24258 0.50357 0.1971 -0.31528 -0.944 -0.75281 -0.30601 0.049472 0.23287 0.34138 0.36829 0.24556 0.19914 0.26927 0.35694 0.42202 0.46471 0.4726 0.43855 0.42155 0.43955 0.48286 0.49677 0.44993 0.33551 0.20339
-0.44237 -0.731 0.4502 0.20426 0.52354 -0.3099 0.74325 -0.88479 0.67564 -0.11673 -0.90092 0.14143 0.9896 0.70044 -0.0093647 -0.73019 -0.97999 -0.78765 -0.62588 -0.189 -0.12752 0.13776 0.43218 0.29746 0.5501 0.24855 -0.26665 -0.92758 -0.78319 -0.34938 0.0049036 0.19061 0.30163 0.33007 0.20691 0.16119 0.23289 0.3225 0.3894 0.4336 0.44237 0.40848 0.39191 0.41084 0.45545 0.47018 0.42316 0.3079 0.17534
0.15265 -0.96084 0.37471 0.42404 0.33269 -0.45375 0.81572 -0.87861 0.75991 -0.24131 -0.94362 0.24568 0.99984 0.63113 -0.096442 -0.78429 -0.96123 -0.73976 -0.56939 -0.12298 -0.064061 0.19813 0.48425 0.35074 0.59447 0.29871 -0.21793 -0.90916 -0.81147 -0.39152 -0.039147 0.1485 0.26183 0.29176 0.16841 0.12344 0.19662 0.28805 0.35668 0.40235 0.412 0.37832 0.36221 0.38206 0.42794 0.44347 0.39635 0.28037 0.14747
0.67879 -0.95793 0.25305 0.61207 0.12249 -0.58137 0.86247 -0.85123 0.82898 -0.36076 -0.97278 0.34617 1 0.55716 -0.18187 -0.83248 -0.93693 -0.68844 -0.5108 -0.057196 -0.001072 0.25707 0.53408 0.4023 0.6366 0.34748 -0.16924 -0.88885 -0.83766 -0.43236 -0.082606 0.10662 0.22205 0.25343 0.1301 0.085963 0.16051 0.25364 0.3239 0.371 0.38152 0.34811 0.3325 0.35325 0.40035 0.41669 0.36952 0.25293 0.11982
0.97116 -0.72425 0.10419 0.75382 -0.094396 -0.68787 0.88267 -0.80375 0.88196 -0.47338 -0.98843 0.44186 0.99043 0.47931 -0.26506 -0.87462 -0.90745 -0.63408 -0.45046 0.0080636 0.061202 0.31438 0.58156 0.45204 0.67644 0.39476 -0.12072 -0.86677 -0.86177 -0.47188 -0.1254 0.06504 0.18238 0.21516 0.092043 0.048801 0.1246 0.21931 0.29112 0.33959 0.35099 0.3179 0.30281 0.32445 0.37273 0.38986 0.34269 0.2256 0.092392
0.92715 -0.32845 -0.051696 0.83795 -0.30536 -0.76946 0.87616 -0.73773 0.91835 -0.57763 -0.99076 0.53187 0.97155 0.3984 -0.34545 -0.91066 -0.87312 -0.57708 -0.38873 0.072529 0.12253 0.36992 0.62662 0.49985 0.71397 0.44049 -0.072484 -0.84303 -0.88383 -0.51002 -0.16748 0.023831 0.14286 0.177 0.054295 0.012003 0.088957 0.1851 0.25838 0.30817 0.32044 0.28771 0.27317 0.29568 0.34509 0.36301 0.3159 0.19842 0.065217
0.58745 0.13804 -0.19426 0.85918 -0.49884 -0.82325 0.84378 -0.65507 0.93794 -0.67223 -0.98019 0.61538 0.94385 0.31518 -0.42254 -0.94055 -0.83431 -0.51784 -0.32594 0.13595 0.18271 0.42355 0.66919 0.54565 0.74915 0.48459 -0.024641 -0.81775 -0.90385 -0.54676 -0.20877 -0.016942 0.10358 0.13902 0.016904 -0.024388 0.053608 0.15107 0.22573 0.27677 0.28992 0.2576 0.24361 0.26698 0.31748 0.33617 0.28916 0.1714 0.038306
0.060417 0.56463 -0.30752 0.81601 -0.66462 -0.84775 0.78692 -0.55798 0.94088 -0.75607 -0.95722 0.69174 0.90789 0.23042 -0.49591 -0.96433 -0.79139 -0.45671 -0.26244 0.1981 0.24155 0.47514 0.70921 0.58939 0.78196 0.527 0.022702 -0.79104 -0.92186 -0.58208 -0.24923 -0.057222 0.064594 0.10127 -0.020084 -0.060332 0.018597 0.11725 0.1932 0.24545 0.25945 0.22757 0.21417 0.23837 0.28992 0.30937 0.26251 0.14457 0.011677
-0.47709 0.86165 -0.37898 0.71301 -0.79466 -0.84227 0.70777 -0.44888 0.92758 -0.82831 -0.92256 0.76036 0.86425 0.14482 -0.56516 -0.98205 -0.74475 -0.39409 -0.19852 0.25877 0.29886 0.52457 0.74665 0.63098 0.8124 0.56766 0.069448 -0.763 -0.93789 -0.61593 -0.2888 -0.096951 0.02595 0.06381 -0.056624 -0.095791 -0.016038 0.083687 0.16082 0.21422 0.22907 0.19768 0.18487 0.20988 0.26244 0.28264 0.23597 0.11793 -0.014658
-0.85693 0.968 -0.40368 0.55792 -0.88291 -0.80753 0.60893 -0.33034 0.89875 -0.88829 -0.87697 0.82083 0.81359 0.059085 -0.62995 -0.99381 -0.69475 -0.33031 -0.13449 0.31776 0.35449 0.57176 0.78147 0.6704 0.84046 0.60655 0.11551 -0.73375 -0.95197 -0.64833 -0.32745 -0.13608 -0.012293 0.026681 -0.092679 -0.13073 -0.050262 0.050406 0.12865 0.18314 0.19881 0.16794 0.15574 0.18154 0.23506 0.25598 0.20955 0.091514 -0.040685
-0.97677 0.86858 -0.38092 0.36282 -0.92608 -0.74496 0.49353 -0.20503 0.85528 -0.93559 -0.82135 0.87277 0.75658 -0.026144 -0.68999 -0.99974 -0.64177 -0.26573 -0.070628 0.37489 0.40829 0.61663 0.81366 0.70759 0.86615 0.64361 0.1608 -0.70339 -0.96415 -0.67924 -0.36513 -0.17456 -0.050089 -0.010066 -0.12821 -0.16512 -0.084045 0.017445 0.096703 0.15222 0.16871 0.13839 0.12681 0.15337 0.2078 0.22944 0.18328 0.06533 -0.066393
-0.79625 0.59152 -0.31696 0.14147 -0.92294 -0.65714 0.36493 -0.075636 0.79832 -0.96998 -0.75665 0.91598 0.6939 -0.11025 -0.74504 -1 -0.58619 -0.20067 -0.0071973 0.43002 0.46013 0.6591 0.84321 0.74253 0.88948 0.67883 0.20524 -0.67202 -0.97445 -0.70866 -0.40181 -0.21235 -0.087392 -0.04639 -0.16319 -0.19893 -0.11736 -0.015167 0.065015 0.12151 0.13879 0.10904 0.098093 0.12539 0.18068 0.20302 0.15717 0.039395 -0.09177
-0.39352 0.19706 -0.22106 -0.09056 -0.87496 -0.54716 0.22676 0.055212 0.72914 -0.9914 -0.6839 0.9503 0.62626 -0.19266 -0.79492 -0.99477 -0.52836 -0.13545 0.055551 0.48299 0.5099 0.69912 0.87012 0.77519 0.91047 0.71218 0.24877 -0.63974 -0.98294 -0.73658 -0.43747 -0.24942 -0.12416 -0.082251 -0.19757 -0.23214 -0.15017 -0.047401 0.033616 0.091015 0.10908 0.079933 0.069616 0.097629 0.15374 0.17676 0.13125 0.013723 -0.11681
0.11777 -0.22939 -0.10597 -0.31791 -0.78539 -0.41894 0.082681 0.18493 0.64917 -1 -0.60416 0.9757 0.55436 -0.27286 -0.83948 -0.98427 -0.46866 -0.070356 0.11739 0.53369 0.5575 0.73665 0.8944 0.80558 0.92915 0.74365 0.29132 -0.60665 -0.98964 -0.76302 -0.47207 -0.28572 -0.16036 -0.11761 -0.23135 -0.26471 -0.18246 -0.07923 0.0025308 0.060778 0.079604 0.051077 0.041398 0.070097 0.12698 0.15066 0.10553 -0.011674 -0.14149
0.58182 -0.6075 0.014715 -0.52593 -0.65953 -0.27667 -0.063613 0.31113 0.55992 -0.99607 -0.51852 0.99222 0.47892 -0.35036 -0.87862 -0.96872 -0.40742 -0.0056724 0.17809 0.58201 0.60284 0.77166 0.91607 0.83368 0.94555 0.77322 0.33283 -0.57283 -0.9946 -0.78796 -0.50559 -0.32122 -0.19594 -0.15244 -0.26448 -0.29664 -0.2142 -0.11063 -0.028215 0.030818 0.050382 0.022496 0.013457 0.042816 0.10042 0.12474 0.080014 -0.036785 -0.16583
0.867 -0.86334 0.12821 -0.70172 -0.50399 -0.12492 -0.20856 0.43152 0.46299 -0.98006 -0.42807 1 0.40062 -0.42473 -0.91227 -0.94838 -0.345 0.058338 0.23747 0.62786 0.64585 0.80412 0.93516 0.85949 0.9597 0.8009 0.37325 -0.53839 -0.99788 -0.81142 -0.53801 -0.3559 -0.23089 -0.1867 -0.29695 -0.32789 -0.24537 -0.14158 -0.058598 0.0011589 0.021436 -0.0057911 -0.014188 0.015802 0.074083 0.099022 0.05473 -0.061599 -0.18979
0.91616 -0.95464 0.22271 -0.83524 -0.32643 0.031624 -0.34876 0.5441 0.35998 -0.95254 -0.33391 0.99922 0.32016 -0.49558 -0.94041 -0.9235 -0.2817 0.12143 0.29534 0.67115 0.68646 0.83403 0.9517 0.88303 0.97165 0.82668 0.41253 -0.50339 -0.99952 -0.8334 -0.56932 -0.38972 -0.26517 -0.22037 -0.32873 -0.35846 -0.27597 -0.17206 -0.088598 -0.028179 -0.0072123 -0.033766 -0.041522 -0.01093 0.047982 0.07352 0.029686 -0.086106 -0.21339
0.71418 -0.87022 0.29043 -0.91876 -0.13522 0.18836 -0.48108 0.64702 0.25255 -0.91418 -0.23712 0.99017 0.23821 -0.56255 -0.96305 -0.89435 -0.21786 0.18337 0.35154 0.71183 0.72464 0.86137 0.96572 0.90431 0.98144 0.85058 0.45064 -0.46794 -0.99957 -0.85392 -0.5995 -0.42268 -0.29875 -0.25342 -0.35982 -0.38833 -0.30596 -0.20205 -0.1182 -0.057176 -0.035545 -0.061413 -0.06853 -0.037365 0.022131 0.048247 0.0048956 -0.1103 -0.23661
0.34273 -0.62757 0.3257 -0.94886 0.061184 0.34074 -0.60273 0.73875 0.14231 -0.86578 -0.13876 0.97315 0.15539 -0.62537 -0.98024 -0.86122 -0.15376 0.24396 0.4059 0.74985 0.76033 0.88616 0.97728 0.92336 0.98911 0.8726 0.48754 -0.4321 -0.99809 -0.87299 -0.62855 -0.45474 -0.33162 -0.28583 -0.39019 -0.41749 -0.33533 -0.23153 -0.14737 -0.085814 -0.063546 -0.088716 -0.095198 -0.06349 -0.0034562 0.023216 -0.019631 -0.13416 -0.25945
-0.096026 -0.27822 0.32758 -0.92415 0.25434 0.48465 -0.7112 0.81798 0.030837 -0.80818 -0.039835 0.94857 0.072333 -0.68376 -0.99206 -0.8244 -0.089704 0.30299 0.45831 0.78517 0.79352 0.90842 0.98643 0.9402 0.99473 0.89276 0.52319 -0.39596 -0.99513 -0.89062 -0.65646 -0.4859 -0.36374 -0.31758 -0.41982 -0.44592 -0.36408 -0.26049 -0.17611 -0.11408 -0.091198 -0.11566 -0.12151 -0.089293 -0.028767 -0.0015611 -0.043884 -0.1577 -0.2819
-0.49316 0.11844 0.29779 -0.84781 0.43644 0.61619 -0.80451 0.88367 -0.080336 -0.74232 0.05868 0.91682 -0.010384 -0.73751 -0.9986 -0.78418 -0.025948 0.36029 0.50863 0.81776 0.82418 0.92816 0.99321 0.95486 0.99834 0.91108 0.55758 -0.35958 -0.99073 -0.90684 -0.68321 -0.51613 -0.3951 -0.34865 -0.44871 -0.47362 -0.39218 -0.28892 -0.2044 -0.14195 -0.11849 -0.14224 -0.14747 -0.11476 -0.05379 -0.026074 -0.067854 -0.1809 -0.30397
-0.74575 0.49256 0.24112 -0.72455 0.60045 0.73212 -0.88091 0.9351 -0.18978 -0.66914 0.15586 0.87838 -0.092204 -0.78646 -1 -0.74086 0.037246 0.41571 0.55677 0.84761 0.85232 0.94541 0.99769 0.96738 1 0.92759 0.59067 -0.32304 -0.98495 -0.92166 -0.70882 -0.54542 -0.42569 -0.37902 -0.47685 -0.50058 -0.41964 -0.3168 -0.23222 -0.16942 -0.1454 -0.16844 -0.17305 -0.13989 -0.078516 -0.050312 -0.091531 -0.20375 -0.32564
-0.81634 0.78068 0.16484 -0.56245 0.74019 0.82958 -0.93929 0.97173 -0.29613 -0.58967 0.25086 0.83373 -0.17262 -0.83046 -0.9964 -0.69472 0.099641 0.46908 0.60263 0.87471 0.87792 0.9602 0.99993 0.9778 0.99977 0.9423 0.62245 -0.28641 -0.97785 -0.93511 -0.73328 -0.57377 -0.45549 -0.40867 -0.50422 -0.52678 -0.44644 -0.34412 -0.25957 -0.19647 -0.17193 -0.19424 -0.19825 -0.16466 -0.10293 -0.074265 -0.11491 -0.22626 -0.34692
-0.70169 0.94343 0.076924 -0.37081 0.85111 0.90637 -0.97875 0.99338 -0.39815 -0.50491 0.34287 0.7834 -0.25113 -0.86943 -0.98798 -0.64607 0.16101 0.5203 0.64613 0.89908 0.901 0.97258 1 0.98616 0.9977 0.95525 0.6529 -0.24974 -0.96947 -0.94722 -0.7566 -0.60117 -0.48449 -0.43761 -0.53082 -0.55224 -0.47257 -0.37087 -0.28643 -0.22309 -0.19805 -0.21964 -0.22305 -0.18908 -0.12704 -0.097926 -0.13798 -0.24841 -0.36781
-0.43933 0.95157 -0.013738 -0.16023 0.92937 0.96096 -0.99899 1 -0.49469 -0.41588 0.43116 0.72792 -0.32731 -0.9033 -0.97492 -0.5952 0.22115 0.56924 0.6872 0.92072 0.92158 0.98259 0.99796 0.99251 0.99387 0.96647 0.68202 -0.2131 -0.95988 -0.95799 -0.77877 -0.62762 -0.51267 -0.4658 -0.55665 -0.57694 -0.49803 -0.39705 -0.31279 -0.24927 -0.22377 -0.24464 -0.24746 -0.21312 -0.15081 -0.12129 -0.16074 -0.27021 -0.3883
-0.10389 0.81253 -0.098735 0.057947 0.97318 0.99224 -1 0.9919 -0.58475 -0.3236 0.51509 0.66783 -0.40075 -0.93205 -0.95743 -0.54239 0.27987 0.6158 0.7258 0.93966 0.93967 0.99029 0.99388 0.9969 0.98833 0.97599 0.70979 -0.17654 -0.94911 -0.96747 -0.7998 -0.6531 -0.54004 -0.49325 -0.5817 -0.60088 -0.52282 -0.42264 -0.33864 -0.27501 -0.24907 -0.26922 -0.27146 -0.2368 -0.17426 -0.14434 -0.18318 -0.29165 -0.40839
0.23279 0.54981 -0.17127 0.27274 0.9815 1 -0.98216 0.96947 -0.66745 -0.22906 0.59405 0.60369 -0.47108 -0.95567 -0.93572 -0.48792 0.33699 0.6599 0.76188 0.95593 0.95531 0.99571 0.98784 0.99938 0.98114 0.98386 0.73621 -0.14012 -0.93723 -0.97568 -0.81971 -0.67762 -0.56657 -0.51995 -0.60597 -0.62407 -0.54693 -0.44765 -0.36398 -0.30028 -0.27395 -0.29337 -0.29505 -0.26009 -0.19737 -0.16708 -0.20529 -0.31272 -0.42808
0.50701 0.20311 -0.22522 0.4737 0.95499 0.98428 -0.94623 0.9334 -0.74201 -0.13325 0.66753 0.53606 -0.53797 -0.9742 -0.91001 -0.43208 0.39235 0.70146 0.7954 0.96957 0.96854 0.99893 0.9799 1 0.97237 0.99009 0.76129 -0.1039 -0.92428 -0.98265 -0.8385 -0.70117 -0.59228 -0.54589 -0.62946 -0.64649 -0.57036 -0.47207 -0.3888 -0.3251 -0.29839 -0.3171 -0.31823 -0.28299 -0.22013 -0.1895 -0.22707 -0.33343 -0.44738
0.66386 -0.17256 -0.25749 0.65115 0.89544 0.94597 -0.8932 0.88448 -0.80784 -0.037091 0.73509 0.46548 -0.60113 -0.98771 -0.88056 -0.37512 0.44581 0.74044 0.82636 0.98062 0.97939 1 0.97015 0.99882 0.96209 0.99474 0.78502 -0.067906 -0.91032 -0.9884 -0.85618 -0.72377 -0.61714 -0.57107 -0.65216 -0.66816 -0.59311 -0.49588 -0.4131 -0.34945 -0.32239 -0.34039 -0.34098 -0.3055 -0.24254 -0.21159 -0.24853 -0.35378 -0.46628
0.69061 -0.52373 -0.26641 0.79781 0.80545 0.88624 -0.82445 0.82367 -0.86442 0.058527 0.79636 0.39252 -0.66032 -0.99627 -0.84759 -0.31732 0.49723 0.77679 0.85473 0.98913 0.9879 0.99899 0.95866 0.9959 0.95035 0.99785 0.8074 -0.032201 -0.89539 -0.99297 -0.87276 -0.7454 -0.64117 -0.59548 -0.67408 -0.68908 -0.61518 -0.5191 -0.43686 -0.37332 -0.34595 -0.36324 -0.36331 -0.32763 -0.26461 -0.23335 -0.26964 -0.37375 -0.48478
0.58962 -0.80238 -0.25232 0.90714 0.68897 0.80678 -0.74145 0.75208 -0.91138 0.15275 0.85103 0.31771 -0.71531 -1 -0.81135 -0.25891 0.5465 0.81046 0.88051 0.99515 0.99414 0.99595 0.9455 0.9913 0.93723 0.99946 0.82845 0.0031789 -0.87955 -0.99638 -0.88826 -0.76609 -0.66437 -0.61912 -0.69522 -0.70924 -0.63657 -0.54172 -0.4601 -0.39671 -0.36906 -0.38566 -0.38521 -0.34935 -0.28631 -0.25479 -0.29042 -0.39336 -0.50289
0.38489 -0.96486 -0.21809 0.97525 0.55022 0.70971 -0.64595 0.67087 -0.9485 0.24479 0.89886 0.24157 -0.76592 -0.99902 -0.7721 -0.20014 0.59351 0.84144 0.90372 0.99876 0.99816 0.99097 0.93076 0.98507 0.92278 0.99961 0.84817 0.038192 -0.86285 -0.99867 -0.9027 -0.78582 -0.68672 -0.64199 -0.71559 -0.72865 -0.65728 -0.56374 -0.48279 -0.41961 -0.39172 -0.40762 -0.40669 -0.37067 -0.30765 -0.27588 -0.31086 -0.41259 -0.5206
0.12218 -1 -0.16712 1 0.39428 0.59731 -0.53981 0.58131 -0.97563 0.33393 0.9397 0.16462 -0.81202 -0.99347 -0.73009 -0.14123 0.63818 0.86972 0.92436 1 1 0.9841 0.9145 0.97727 0.90708 0.99834 0.86658 0.072802 -0.84532 -0.99987 -0.91608 -0.80461 -0.70824 -0.66409 -0.73518 -0.74733 -0.67731 -0.58515 -0.50495 -0.44204 -0.41393 -0.42914 -0.42773 -0.39159 -0.32863 -0.29663 -0.33095 -0.43146 -0.53792
-0.1518 -0.91399 -0.10447 0.9809 0.22655 0.47227 -0.42498 0.48471 -0.99277 0.41947 0.97343 0.087342 -0.85347 -0.98352 -0.68557 -0.082416 0.68043 0.89528 0.94245 0.99895 0.99973 0.97542 0.89681 0.96797 0.89018 0.9957 0.88368 0.10697 -0.82703 -1 -0.92842 -0.82247 -0.72892 -0.68543 -0.75401 -0.76526 -0.69667 -0.60597 -0.52657 -0.46397 -0.43567 -0.45022 -0.44834 -0.41211 -0.34925 -0.31705 -0.3507 -0.44995 -0.55485
-0.39037 -0.71319 -0.035652 0.92111 0.052354 0.33735 -0.30353 0.38244 -1 0.50084 1 0.01021 -0.89022 -0.96934 -0.63879 -0.023895 0.72021 0.91815 0.95803 0.99568 0.99742 0.965 0.87775 0.95723 0.87214 0.99173 0.89949 0.14067 -0.80801 -0.9991 -0.93974 -0.83941 -0.74878 -0.706 -0.77207 -0.78247 -0.71536 -0.62618 -0.54765 -0.48541 -0.45696 -0.47084 -0.46852 -0.43222 -0.3695 -0.33711 -0.3701 -0.46808 -0.5714
