0.086765 0.097373 0.097301 0.095375 0.094084 0.091483 0.08881 0.08623 0.084006 0.082621 0.081833 0.08128 0.080768 0.080286 0.080021 0.080136 0.080738 0.081829 0.083363 0.085287 0.087489 0.0899 0.092414 0.094921 0.097309 0.099472 0.1013 0.10271 0.10364 0.10403 0.10384 0.10306 0.10168 0.099722 0.097232 0.094278 0.090965 0.087462 0.08401 0.080831 0.078015 0.075539 0.07335 0.071389 0.069601 0.06794 0.066365 0.064841 0.063343
0.029165 0.033454 0.029709 0.021613 0.018452 0.018951 0.01999 0.020449 0.020188 0.019483 0.018562 0.017624 0.016929 0.016842 0.017736 0.019731 0.022643 0.026142 0.029926 0.033774 0.037526 0.041097 0.044431 0.047495 0.050276 0.052766 0.054956 0.056851 0.058439 0.059716 0.060673 0.061301 0.061603 0.061578 0.061242 0.060619 0.059757 0.058741 0.057713 0.056815 0.056104 0.055564 0.055156 0.054836 0.054565 0.054307 0.054032 0.053716 0.053342
0.01015 0.0043953 0.013511 0.016393 0.02316 0.029143 0.033407 0.035835 0.036484 0.035792 0.033981 0.031282 0.028057 0.024718 0.021644 0.019075 0.01712 0.015773 0.014946 0.014508 0.01431 0.01424 0.014225 0.014238 0.01428 0.014371 0.014533 0.0148 0.015208 0.015808 0.016657 0.0178 0.019249 0.020968 0.022879 0.024875 0.026848 0.028722 0.030477 0.032134 0.033708 0.035188 0.036559 0.037807 0.038921 0.039894 0.040725 0.041413 0.041964
0.020261 0.038702 0.024261 0.015659 0.025784 0.033718 0.036077 0.034644 0.031633 0.028773 0.026661 0.025175 0.02394 0.022646 0.021188 0.019583 0.017902 0.016226 0.014639 0.013224 0.012054 0.011196 0.010673 0.01046 0.010469 0.010577 0.010652 0.010591 0.010336 0.0099022 0.0093988 0.0090445 0.009128 0.0098606 0.011234 0.013056 0.01509 0.017152 0.019139 0.021019 0.022778 0.024405 0.025891 0.027234 0.028435 0.029502 0.030444 0.031278 0.032021
0.003487 0.008083 0.010028 0.017091 0.022852 0.02479 0.022906 0.018723 0.014385 0.011178 0.0094792 0.0090916 0.0093787 0.0096822 0.0096049 0.0089959 0.007886 0.0064523 0.0050811 0.0045149 0.0053813 0.0072761 0.0095774 0.011964 0.014277 0.016421 0.018325 0.019939 0.021226 0.02217 0.022774 0.023067 0.023101 0.022939 0.022652 0.022305 0.021951 0.021636 0.021404 0.021289 0.021288 0.021374 0.02152 0.021701 0.021908 0.02214 0.022408 0.022732 0.023138
0.034494 0.049492 0.041274 0.028791 0.021836 0.017971 0.017741 0.019917 0.023006 0.026162 0.028769 0.030481 0.031252 0.031246 0.030739 0.029976 0.029133 0.028321 0.027621 0.027101 0.026805 0.026771 0.027003 0.02747 0.028114 0.028849 0.029576 0.030205 0.030648 0.030842 0.030745 0.030339 0.029635 0.028655 0.027444 0.026055 0.02455 0.022999 0.021481 0.020059 0.018755 0.017559 0.016463 0.015466 0.014589 0.013874 0.01339 0.01322 0.013443
0.042543 0.048223 0.021411 0.014893 0.029602 0.041324 0.047382 0.049103 0.048397 0.046708 0.044536 0.042116 0.039694 0.0375 0.035731 0.034476 0.033739 0.033461 0.033556 0.033934 0.034483 0.035116 0.035744 0.036294 0.036708 0.036942 0.036957 0.036737 0.036262 0.035528 0.034536 0.033291 0.03181 0.03011 0.028215 0.026157 0.023974 0.021718 0.019452 0.01722 0.015024 0.012838 0.010632 0.0083797 0.0060649 0.0037048 0.0015724 0.0021802 0.0047349
0.055525 0.051647 0.021823 0.0067371 0.0019437 0.0083041 0.012845 0.013616 0.011614 0.0081218 0.0041008 0.0026362 0.0062878 0.010384 0.014305 0.018072 0.021742 0.025307 0.028695 0.031808 0.034533 0.036796 0.038547 0.039771 0.040488 0.040744 0.040596 0.040125 0.039396 0.038467 0.037378 0.036147 0.034777 0.033255 0.031573 0.029727 0.027737 0.02565 0.023545 0.021501 0.019566 0.017774 0.016173 0.014839 0.013881 0.013424 0.013567 0.014342 0.015697
0.019529 0.012952 0.025097 0.04629 0.050826 0.048741 0.044595 0.039486 0.034498 0.030711 0.028494 0.027698 0.027891 0.028651 0.029781 0.031226 0.032949 0.034843 0.036749 0.038501 0.039939 0.040979 0.041581 0.041767 0.041617 0.041249 0.040794 0.04039 0.040127 0.040041 0.040105 0.040235 0.040321 0.040247 0.039924 0.0393 0.038374 0.037207 0.035921 0.034649 0.033483 0.032471 0.031653 0.031062 0.030733 0.030694 0.030964 0.031547 0.032436
0.04571 0.031822 0.020081 0.020287 0.026597 0.033358 0.037383 0.038854 0.039821 0.041793 0.044703 0.047718 0.050039 0.051248 0.051378 0.05067 0.049408 0.047793 0.045946 0.043926 0.041736 0.039421 0.037064 0.034836 0.033012 0.031934 0.031904 0.03306 0.035278 0.038241 0.041557 0.044859 0.047852 0.050321 0.052136 0.053245 0.053675 0.053537 0.053027 0.05236 0.05168 0.051058 0.050535 0.050142 0.049901 0.04983 0.049939 0.050233 0.05071
0.04822 0.040644 0.038229 0.047221 0.063485 0.079071 0.089097 0.092403 0.090987 0.087424 0.08287 0.077816 0.072543 0.067213 0.061969 0.056833 0.051754 0.046616 0.041296 0.035696 0.029729 0.023387 0.016762 0.01035 0.0068991 0.011031 0.018479 0.026611 0.034769 0.042621 0.049914 0.056431 0.062008 0.066518 0.069905 0.072169 0.073392 0.073747 0.073512 0.072986 0.072364 0.071734 0.071143 0.070618 0.070178 0.069838 0.069604 0.069481 0.069469
0.026322 0.029395 0.04159 0.058218 0.074081 0.084316 0.088526 0.088504 0.086623 0.08449 0.082162 0.079324 0.075856 0.071863 0.067603 0.063243 0.058846 0.054393 0.04989 0.045441 0.041266 0.037788 0.035586 0.035276 0.037219 0.041295 0.047012 0.053784 0.061061 0.068386 0.075378 0.08172 0.087168 0.091535 0.094718 0.096689 0.097519 0.097396 0.096644 0.095612 0.094518 0.093443 0.092421 0.091465 0.090582 0.089775 0.089045 0.088392 0.087813
0.017067 0.034262 0.036928 0.038823 0.043943 0.049283 0.055299 0.061495 0.067239 0.07261 0.077516 0.081756 0.08515 0.087556 0.089006 0.089592 0.089471 0.088805 0.087795 0.086685 0.085689 0.08508 0.085081 0.085874 0.087575 0.090212 0.0937 0.097894 0.10255 0.10738 0.11208 0.11636 0.11995 0.12263 0.12427 0.12479 0.12425 0.12284 0.1209 0.11883 0.11683 0.11496 0.11322 0.11161 0.1101 0.1087 0.10737 0.10612 0.10494
0.13506 0.12564 0.099815 0.089063 0.083492 0.080951 0.079505 0.078626 0.079364 0.082753 0.088576 0.095843 0.1033 0.10987 0.11507 0.11884 0.12143 0.12314 0.12429 0.12519 0.12603 0.12703 0.12831 0.12996 0.13201 0.13447 0.13728 0.14035 0.14354 0.14666 0.14951 0.15187 0.15354 0.15432 0.15411 0.15285 0.15061 0.1476 0.14422 0.14087 0.13776 0.13494 0.13236 0.13 0.1278 0.12575 0.12381 0.12197 0.1202
0.0823 0.074348 0.098979 0.10655 0.10862 0.11106 0.1132 0.1157 0.11929 0.12402 0.12885 0.13284 0.13562 0.13723 0.13816 0.13888 0.1398 0.14112 0.14293 0.14525 0.14798 0.15108 0.15445 0.15801 0.16168 0.16538 0.16899 0.17244 0.17561 0.17834 0.18049 0.18188 0.18239 0.18186 0.18024 0.17752 0.17381 0.16938 0.16466 0.16011 0.15597 0.15223 0.14886 0.14578 0.14294 0.14029 0.13779 0.13541 0.13313
0.13104 0.12729 0.11512 0.12399 0.14307 0.15849 0.16638 0.16646 0.16184 0.15607 0.15027 0.14459 0.13928 0.13478 0.13173 0.13052 0.1313 0.13386 0.13791 0.14307 0.14893 0.15524 0.16172 0.1682 0.17451 0.18053 0.18611 0.19117 0.19554 0.19911 0.20172 0.20323 0.20354 0.20255 0.20025 0.1967 0.19203 0.1866 0.1809 0.17545 0.17049 0.16604 0.16202 0.15837 0.15501 0.15189 0.14895 0.14615 0.14347
0.13591 0.11241 0.10218 0.11504 0.12125 0.12033 0.11576 0.10875 0.10078 0.093404 0.087291 0.083062 0.081355 0.082448 0.086191 0.092063 0.099489 0.10795 0.11706 0.12655 0.1362 0.14587 0.15545 0.16483 0.17388 0.18249 0.19047 0.1977 0.20398 0.20915 0.21302 0.21546 0.21636 0.21564 0.21335 0.20957 0.20452 0.19858 0.19233 0.18635 0.18089 0.17598 0.17156 0.16753 0.16384 0.1604 0.15716 0.15409 0.15114
0.071682 0.040788 0.049202 0.057623 0.057555 0.054279 0.050689 0.045942 0.039128 0.031305 0.025042 0.024708 0.031619 0.042274 0.053993 0.065721 0.077171 0.088337 0.099315 0.11024 0.12116 0.13217 0.14325 0.15434 0.16531 0.17597 0.18608 0.19542 0.20369 0.21066 0.2161 0.21982 0.22172 0.22172 0.21989 0.21634 0.21135 0.20534 0.19895 0.19278 0.18714 0.18205 0.17746 0.17327 0.16943 0.16585 0.16248 0.15927 0.15619
0.14783 0.13547 0.11268 0.10648 0.11438 0.12223 0.12554 0.12349 0.11761 0.11013 0.10204 0.094065 0.087092 0.081986 0.079395 0.079468 0.081987 0.086556 0.092813 0.10051 0.10941 0.11938 0.13023 0.14174 0.15362 0.16556 0.17717 0.18811 0.198 0.2065 0.21333 0.21827 0.22118 0.22201 0.22081 0.21775 0.2131 0.20734 0.20111 0.19506 0.18951 0.18449 0.17995 0.17581 0.17199 0.16843 0.16506 0.16185 0.15877
0.16097 0.15165 0.13286 0.12615 0.12371 0.12328 0.12335 0.12158 0.11837 0.11467 0.11017 0.10462 0.09837 0.0922 0.087034 0.083561 0.082199 0.083095 0.086244 0.091554 0.098813 0.10781 0.11825 0.1298 0.14207 0.15464 0.16706 0.1789 0.18973 0.19917 0.20689 0.21266 0.21632 0.21783 0.21724 0.21473 0.21057 0.20525 0.19942 0.19372 0.18848 0.18374 0.17943 0.1755 0.17185 0.16844 0.1652 0.16209 0.15909
0.071595 0.070864 0.092731 0.091056 0.076471 0.067352 0.066092 0.067783 0.069203 0.069725 0.069232 0.067839 0.065939 0.064101 0.062987 0.063108 0.064786 0.068146 0.073193 0.079885 0.088093 0.097698 0.1085 0.12026 0.13265 0.14531 0.15781 0.16977 0.18075 0.19038 0.19834 0.2044 0.20841 0.21032 0.2102 0.20819 0.20459 0.19983 0.19456 0.18938 0.18462 0.1803 0.17637 0.17276 0.16939 0.16622 0.16318 0.16025 0.15742
0.088679 0.096952 0.074328 0.04591 0.026742 0.016545 0.011592 0.0099452 0.010325 0.010908 0.011448 0.012903 0.016389 0.021802 0.028529 0.036088 0.044204 0.052746 0.061695 0.071112 0.081045 0.09157 0.10268 0.11431 0.12628 0.13835 0.15019 0.16147 0.17182 0.18093 0.1885 0.19432 0.19828 0.20032 0.20051 0.19896 0.19593 0.19182 0.18722 0.18269 0.17852 0.17473 0.17126 0.16805 0.16502 0.16213 0.15933 0.15662 0.154
0.11108 0.068641 0.027879 0.028004 0.038675 0.04725 0.050381 0.049523 0.046809 0.043645 0.040466 0.037569 0.03553 0.035156 0.037105 0.041398 0.047544 0.054948 0.06318 0.072019 0.081336 0.091111 0.1013 0.11184 0.12258 0.13333 0.14381 0.15376 0.16288 0.1709 0.1776 0.18281 0.18643 0.18842 0.18882 0.18771 0.1853 0.18192 0.17808 0.17428 0.17077 0.16756 0.1646 0.1618 0.15912 0.15652 0.15397 0.15148 0.14907
0.12674 0.13758 0.12194 0.10809 0.10177 0.09597 0.089578 0.083124 0.077677 0.07397 0.07153 0.069617 0.067804 0.066121 0.065021 0.065023 0.066498 0.069543 0.074051 0.079824 0.086608 0.094216 0.10245 0.11113 0.12004 0.12896 0.13763 0.14585 0.15337 0.15999 0.16557 0.16998 0.17316 0.17505 0.17567 0.17507 0.17335 0.17077 0.16776 0.16474 0.16192 0.15931 0.15683 0.15443 0.15205 0.1497 0.14736 0.14507 0.14287
0.13655 0.12564 0.10763 0.088743 0.075252 0.072402 0.074252 0.076389 0.078375 0.080603 0.082635 0.083871 0.08402 0.083205 0.081969 0.080942 0.080678 0.081526 0.083642 0.087039 0.091563 0.097044 0.10325 0.10993 0.11686 0.1238 0.13052 0.13687 0.14268 0.14784 0.15227 0.1559 0.15869 0.16059 0.16156 0.16158 0.16066 0.15897 0.15684 0.15461 0.15247 0.1504 0.14835 0.14626 0.14412 0.14194 0.13974 0.1376 0.13557
0.060259 0.054132 0.058882 0.064963 0.06982 0.072589 0.074496 0.076638 0.079293 0.082399 0.085236 0.087127 0.087806 0.087428 0.08652 0.08565 0.085298 0.085763 0.087197 0.089638 0.092971 0.097065 0.10171 0.10669 0.11179 0.11684 0.12166 0.1262 0.13038 0.13419 0.13763 0.14068 0.14332 0.14546 0.14699 0.1478 0.14781 0.14708 0.14583 0.14438 0.14284 0.14122 0.13948 0.13759 0.13557 0.13345 0.13131 0.12923 0.12734
0.093161 0.087741 0.076977 0.080171 0.087266 0.089943 0.089242 0.086683 0.084136 0.082818 0.082406 0.082234 0.08192 0.081423 0.081017 0.08099 0.081564 0.082821 0.084753 0.087304 0.090325 0.093694 0.097248 0.10083 0.10432 0.10762 0.11068 0.11356 0.11631 0.11902 0.12177 0.12459 0.12742 0.13011 0.13248 0.13428 0.13533 0.13559 0.1352 0.13442 0.13337 0.13206 0.13048 0.12864 0.12658 0.12439 0.12219 0.1201 0.11829
0.11641 0.11969 0.099864 0.084979 0.078755 0.077726 0.077589 0.076209 0.073736 0.071319 0.069461 0.068277 0.067773 0.067937 0.068826 0.070434 0.072684 0.075411 0.07843 0.081576 0.084664 0.087589 0.090245 0.092566 0.094533 0.096186 0.097618 0.099016 0.10058 0.10252 0.10499 0.10801 0.11147 0.11512 0.11861 0.12157 0.12373 0.12494 0.1253 0.12505 0.12432 0.12314 0.12153 0.11955 0.11729 0.11488 0.11248 0.11029 0.10851
0.049952 0.03786 0.013412 0.013212 0.027557 0.038997 0.045977 0.048622 0.048419 0.04739 0.046725 0.04699 0.048379 0.050827 0.054163 0.05812 0.06241 0.06673 0.070813 0.074466 0.077511 0.079884 0.081549 0.082532 0.08293 0.082922 0.082764 0.082818 0.083458 0.085026 0.087716 0.091495 0.096108 0.1011 0.10597 0.11021 0.11344 0.11549 0.11643 0.11651 0.11588 0.1146 0.11276 0.11043 0.10778 0.10498 0.10226 0.099864 0.098066
0.047151 0.060382 0.04424 0.033472 0.023241 0.017883 0.018068 0.018376 0.017948 0.018246 0.02038 0.024392 0.029708 0.035717 0.04199 0.048207 0.054114 0.059465 0.064044 0.067692 0.070272 0.071755 0.072161 0.07159 0.070239 0.068427 0.066601 0.06536 0.065326 0.067006 0.070576 0.075796 0.082114 0.088812 0.095195 0.10067 0.10483 0.10749 0.10878 0.10893 0.10815 0.10655 0.10424 0.10137 0.098126 0.094755 0.091553 0.088858 0.087013
0.059508 0.040882 0.016 0.023371 0.022836 0.020721 0.019093 0.016225 0.012204 0.0090144 0.010097 0.015444 0.022389 0.029718 0.036929 0.043727 0.04989 0.055195 0.059434 0.062446 0.064091 0.06434 0.063219 0.060853 0.057494 0.053575 0.049776 0.047084 0.046605 0.0491 0.054492 0.061969 0.070477 0.079034 0.08685 0.09334 0.098135 0.10112 0.10244 0.1024 0.10122 0.099063 0.096074 0.092435 0.08839 0.084251 0.080403 0.077293 0.075383
0.081341 0.079544 0.06116 0.055397 0.052319 0.047974 0.042973 0.037863 0.033224 0.029705 0.027789 0.028003 0.030478 0.034667 0.039771 0.045087 0.050091 0.054374 0.057607 0.05955 0.06 0.058875 0.056154 0.05191 0.04635 0.039894 0.033383 0.0285 0.02777 0.032484 0.041134 0.051584 0.062369 0.072524 0.081376 0.088454 0.093483 0.096419 0.097465 0.096952 0.095143 0.092214 0.088338 0.083727 0.078666 0.073539 0.068841 0.065183 0.063214
0.030161 0.0071804 0.019115 0.037688 0.048671 0.052424 0.051421 0.048512 0.045682 0.04365 0.042395 0.042015 0.042736 0.044605 0.047412 0.050722 0.054047 0.056908 0.058895 0.059686 0.059012 0.056721 0.052723 0.047001 0.039616 0.030727 0.020698 0.010926 0.010102 0.02086 0.033717 0.046629 0.058837 0.069768 0.078956 0.08605 0.090853 0.093374 0.093851 0.092635 0.089999 0.086125 0.081191 0.075421 0.069125 0.062751 0.056934 0.052539 0.050551
0.027997 0.036904 0.037575 0.034225 0.038662 0.043876 0.047831 0.050636 0.052425 0.053577 0.054291 0.054793 0.055377 0.05628 0.057635 0.059344 0.061143 0.062656 0.063497 0.063332 0.06186 0.058902 0.054341 0.04815 0.040391 0.031262 0.021258 0.012319 0.012604 0.022937 0.035542 0.048238 0.060174 0.07074 0.079463 0.085991 0.090139 0.091927 0.091602 0.08951 0.085917 0.08099 0.074892 0.067826 0.060094 0.05217 0.04484 0.039381 0.037486
0.030591 0.019154 0.011731 0.025771 0.029957 0.03635 0.045407 0.053606 0.059364 0.063259 0.065907 0.067632 0.068675 0.0693 0.069819 0.070389 0.070981 0.071385 0.071307 0.070459 0.068556 0.065436 0.06101 0.055316 0.048563 0.041238 0.03435 0.029838 0.030158 0.03585 0.044944 0.055339 0.065644 0.074924 0.082535 0.088039 0.091206 0.092034 0.090755 0.087699 0.083104 0.077109 0.069839 0.061449 0.052173 0.042414 0.032985 0.025767 0.024287
0.060389 0.061225 0.029194 0.025779 0.037169 0.048422 0.057964 0.065239 0.070658 0.07514 0.078839 0.081531 0.083096 0.083672 0.083657 0.083392 0.083048 0.082573 0.081786 0.080472 0.078384 0.075395 0.071447 0.06662 0.06118 0.055642 0.050845 0.047959 0.0481 0.051656 0.05798 0.065854 0.074067 0.081615 0.087749 0.091953 0.093944 0.093691 0.0914 0.087378 0.081835 0.074874 0.066578 0.05704 0.046387 0.034819 0.022761 0.012007 0.012397
0.049191 0.072845 0.067232 0.066658 0.07238 0.077245 0.080409 0.08273 0.085535 0.089388 0.093454 0.096702 0.098576 0.099065 0.098613 0.097687 0.096604 0.095439 0.09411 0.092474 0.090329 0.087576 0.084173 0.080195 0.075876 0.071633 0.068066 0.065923 0.065857 0.068152 0.07254 0.078289 0.084484 0.090222 0.094761 0.097559 0.098304 0.096943 0.093667 0.088763 0.082418 0.074716 0.065715 0.055486 0.044122 0.031756 0.018619 0.0060427 0.011844
0.078968 0.07846 0.072791 0.088951 0.095562 0.097025 0.097413 0.098407 0.1009 0.10494 0.1093 0.11273 0.11459 0.11482 0.11393 0.11246 0.11081 0.10912 0.1074 0.10556 0.10344 0.10097 0.098087 0.094857 0.091445 0.088154 0.0854 0.08369 0.083448 0.084887 0.087869 0.091914 0.096337 0.10038 0.10336 0.10477 0.10429 0.10187 0.097699 0.092056 0.085125 0.07699 0.06773 0.057472 0.046448 0.035155 0.02491 0.019633 0.024327
0.1179 0.13231 0.098172 0.088489 0.092714 0.098295 0.10444 0.1104 0.1158 0.12102 0.1256 0.12883 0.13033 0.13014 0.12881 0.12691 0.12485 0.12284 0.12089 0.11898 0.11698 0.11483 0.11248 0.10994 0.10732 0.10482 0.10271 0.10134 0.10099 0.10183 0.10377 0.10646 0.10938 0.11191 0.11346 0.11357 0.11194 0.10856 0.10361 0.097398 0.090114 0.081864 0.072782 0.0631 0.053254 0.044088 0.037223 0.035127 0.039346
0.022079 0.0086361 0.053786 0.074591 0.085445 0.098785 0.11294 0.12408 0.13165 0.13725 0.14141 0.14399 0.14487 0.14419 0.1425 0.14033 0.13808 0.13594 0.13396 0.13215 0.13041 0.12868 0.12692 0.1251 0.12325 0.1215 0.11999 0.11898 0.11864 0.11909 0.12025 0.12187 0.12355 0.12476 0.12504 0.12396 0.1213 0.11706 0.11146 0.10483 0.097394 0.089282 0.080681 0.071912 0.063519 0.056394 0.051826 0.051207 0.05519
0.15913 0.14864 0.10834 0.099911 0.10888 0.12192 0.13441 0.14325 0.14872 0.15265 0.15552 0.15712 0.15733 0.15627 0.15441 0.15221 0.15 0.14797 0.14618 0.14466 0.14335 0.1422 0.14116 0.14014 0.13914 0.13818 0.13733 0.13676 0.13655 0.13678 0.1374 0.13819 0.13884 0.13895 0.1381 0.13597 0.13238 0.12737 0.12123 0.1143 0.10684 0.099011 0.091025 0.083235 0.076185 0.070647 0.067548 0.067728 0.071542
0.10834 0.091732 0.11145 0.1328 0.14661 0.15574 0.16099 0.16322 0.16413 0.16529 0.16651 0.16719 0.16699 0.16586 0.16415 0.16218 0.16028 0.1586 0.15723 0.15624 0.15557 0.15521 0.15505 0.15499 0.15495 0.15489 0.15481 0.15479 0.15485 0.15504 0.15531 0.15548 0.15531 0.15446 0.15264 0.14957 0.14514 0.13945 0.13283 0.12567 0.11825 0.11074 0.10337 0.096461 0.090508 0.086126 0.083982 0.084624 0.088284
0.14046 0.15842 0.14883 0.15883 0.17153 0.17704 0.17791 0.17608 0.17387 0.17304 0.17319 0.17351 0.17344 0.17271 0.17151 0.17009 0.16874 0.16764 0.16694 0.16672 0.16695 0.1676 0.16853 0.16962 0.17071 0.1717 0.17252 0.17317 0.17366 0.17397 0.17405 0.17377 0.17295 0.17131 0.16863 0.16472 0.15952 0.1532 0.14613 0.13876 0.13138 0.12416 0.11731 0.11113 0.10602 0.10246 0.10094 0.10184 0.10534
0.073114 0.10361 0.14239 0.16142 0.17 0.17579 0.17852 0.17774 0.17564 0.17468 0.17499 0.17587 0.17664 0.17683 0.17649 0.17588 0.1753 0.17502 0.17522 0.17604 0.17743 0.17934 0.18162 0.18405 0.18646 0.18866 0.19052 0.192 0.19304 0.19361 0.19367 0.1931 0.19176 0.18945 0.18602 0.18134 0.17542 0.16849 0.16097 0.15337 0.14599 0.13899 0.13254 0.12691 0.12241 0.11942 0.1183 0.11934 0.12266
0.18497 0.17618 0.13654 0.13219 0.14478 0.1576 0.16624 0.16947 0.16977 0.17041 0.17221 0.17465 0.17692 0.17845 0.17924 0.17961 0.17998 0.18072 0.18207 0.1842 0.18702 0.19047 0.19433 0.19834 0.20225 0.20583 0.20888 0.21132 0.21304 0.21402 0.21418 0.21344 0.2117 0.20882 0.20471 0.19931 0.1927 0.18515 0.17717 0.16929 0.16184 0.15496 0.1488 0.14355 0.13948 0.13687 0.136 0.13708 0.1402
0.079908 0.068195 0.083552 0.10669 0.12395 0.13874 0.14976 0.15565 0.15856 0.16173 0.166 0.17072 0.17493 0.17798 0.17998 0.1814 0.18285 0.1848 0.18755 0.19126 0.19581 0.20106 0.20675 0.21254 0.21813 0.22325 0.22763 0.23115 0.23368 0.23517 0.23554 0.23473 0.23269 0.22932 0.22459 0.21851 0.21121 0.20304 0.19455 0.18634 0.17874 0.17188 0.16588 0.16088 0.15708 0.1547 0.15395 0.155 0.1579
0.15539 0.16931 0.14048 0.12444 0.12399 0.12922 0.1356 0.14066 0.14517 0.15102 0.15814 0.16533 0.17144 0.17587 0.17896 0.18142 0.18404 0.18739 0.19179 0.19735 0.2039 0.21122 0.21896 0.22674 0.23418 0.24096 0.24679 0.25151 0.25495 0.25703 0.25771 0.25692 0.25465 0.25084 0.24553 0.23878 0.2308 0.22197 0.21293 0.20433 0.1965 0.18957 0.18362 0.17874 0.17509 0.17283 0.17211 0.17306 0.17574
0.091858 0.075955 0.10461 0.1207 0.12339 0.12316 0.12429 0.12736 0.13285 0.14106 0.15063 0.15974 0.16715 0.17249 0.17639 0.17982 0.1837 0.18865 0.19497 0.20267 0.21149 0.2211 0.23109 0.24101 0.25044 0.25901 0.26638 0.27237 0.2768 0.27956 0.28061 0.2799 0.27745 0.27325 0.26739 0.25998 0.2513 0.24179 0.23215 0.22309 0.21497 0.20788 0.20187 0.19702 0.19341 0.19117 0.19042 0.19123 0.19366
0.12411 0.13286 0.11405 0.11102 0.11381 0.11406 0.11477 0.11803 0.12474 0.13444 0.14513 0.15485 0.16251 0.16808 0.17246 0.17678 0.18206 0.18886 0.19736 0.20747 0.21878 0.23089 0.24328 0.25546 0.26697 0.2774 0.28639 0.29372 0.29918 0.30268 0.30415 0.30356 0.30097 0.29641 0.29001 0.28196 0.27255 0.26233 0.25205 0.24248 0.23399 0.22667 0.22053 0.21561 0.21196 0.20968 0.20883 0.20947 0.21164
0.10621 0.098151 0.10714 0.10493 0.10362 0.10596 0.10998 0.11559 0.12315 0.13255 0.1423 0.15087 0.15759 0.16269 0.16728 0.17254 0.17942 0.18834 0.19931 0.21207 0.22605 0.24078 0.25567 0.27018 0.28382 0.29616 0.3068 0.3155 0.32204 0.3263 0.32822 0.3278 0.3251 0.32019 0.31327 0.30455 0.29442 0.28345 0.27249 0.26235 0.25344 0.24582 0.23948 0.23443 0.23068 0.22828 0.22729 0.22774 0.22963
0.13297 0.12586 0.10566 0.10144 0.10416 0.10869 0.11524 0.12182 0.12806 0.13475 0.14143 0.14728 0.15206 0.15624 0.16099 0.1674 0.17619 0.18756 0.20125 0.21682 0.23358 0.25098 0.2684 0.28526 0.30104 0.3153 0.32759 0.33768 0.3453 0.35034 0.35273 0.35248 0.34968 0.34445 0.337 0.32762 0.31675 0.30501 0.29334 0.28259 0.2732 0.26523 0.25864 0.25339 0.24949 0.24694 0.24577 0.24599 0.24761
0.12264 0.10658 0.11199 0.11766 0.12055 0.12501 0.13062 0.13446 0.13654 0.13853 0.14073 0.14297 0.14538 0.14865 0.15384 0.16181 0.17294 0.18704 0.20364 0.2221 0.24167 0.26172 0.28162 0.30079 0.31867 0.33481 0.34874 0.36019 0.36888 0.37469 0.37756 0.37749 0.37461 0.36905 0.36108 0.35104 0.3394 0.32688 0.31446 0.30308 0.29318 0.28481 0.27792 0.27244 0.26833 0.2656 0.26422 0.26421 0.26554
0.15462 0.15603 0.14866 0.14227 0.14311 0.14738 0.14956 0.14792 0.14415 0.14062 0.13804 0.13668 0.13708 0.13999 0.14631 0.15646 0.17035 0.18743 0.207 0.22831 0.25057 0.27317 0.29545 0.31682 0.33673 0.35468 0.37019 0.38296 0.39271 0.39927 0.40261 0.40271 0.39974 0.39385 0.38537 0.37466 0.36226 0.34894 0.33576 0.32371 0.31327 0.30448 0.29725 0.2915 0.28717 0.28422 0.28262 0.28235 0.28339
0.17945 0.172 0.15425 0.15392 0.16281 0.16682 0.16414 0.15638 0.14676 0.13813 0.1315 0.12751 0.12701 0.13076 0.13923 0.15225 0.16925 0.18938 0.2118 0.23579 0.26054 0.28548 0.30997 0.3334 0.35522 0.37489 0.3919 0.40594 0.41669 0.42398 0.42775 0.42802 0.42495 0.41875 0.40974 0.39837 0.3852 0.37108 0.35712 0.3444 0.3334 0.32416 0.31657 0.31053 0.30594 0.30275 0.30092 0.30039 0.30114
0.14501 0.12528 0.14253 0.16568 0.17669 0.17631 0.16836 0.15553 0.14139 0.12909 0.12002 0.11525 0.11578 0.12206 0.13385 0.15032 0.17051 0.19349 0.21847 0.2448 0.27175 0.29877 0.32524 0.35056 0.37412 0.39539 0.41381 0.42904 0.44073 0.44871 0.4529 0.45331 0.45014 0.44361 0.4341 0.42206 0.40813 0.3932 0.37847 0.36506 0.35349 0.34379 0.33582 0.32947 0.32461 0.32117 0.31909 0.31831 0.31877
0.18941 0.19399 0.18774 0.18191 0.17813 0.17066 0.15884 0.14311 0.12657 0.11277 0.10373 0.10093 0.10512 0.11581 0.1318 0.1518 0.17486 0.20022 0.22728 0.25551 0.28428 0.31308 0.34128 0.36827 0.39342 0.41615 0.43587 0.4522 0.46477 0.47337 0.47794 0.47848 0.4752 0.46834 0.45832 0.44563 0.43094 0.41522 0.39972 0.38562 0.37348 0.3633 0.35495 0.34828 0.34314 0.33945 0.33711 0.33607 0.33625
0.21375 0.21099 0.19009 0.17072 0.15825 0.14768 0.13497 0.11881 0.10239 0.090041 0.084661 0.087657 0.098299 0.11454 0.13465 0.15757 0.18276 0.2098 0.23834 0.26798 0.29817 0.32841 0.35807 0.38651 0.41307 0.43711 0.458 0.47533 0.4887 0.49788 0.50278 0.50342 0.50002 0.49284 0.48231 0.46898 0.45356 0.43705 0.42079 0.40602 0.39331 0.38266 0.37392 0.36692 0.3615 0.35755 0.35496 0.35365 0.35356
0.15653 0.12521 0.12515 0.1237 0.1177 0.10993 0.098761 0.084296 0.07109 0.064908 0.068812 0.081438 0.099443 0.12042 0.14336 0.16799 0.19429 0.22222 0.2516 0.28216 0.31336 0.34471 0.37556 0.40522 0.43299 0.45819 0.48012 0.49836 0.51244 0.52213 0.52733 0.52805 0.52452 0.51701 0.50599 0.49204 0.4759 0.45862 0.44162 0.42619 0.41292 0.40181 0.39269 0.38536 0.37966 0.37545 0.37261 0.37104 0.37068
0.18669 0.14096 0.096227 0.079 0.072914 0.065619 0.055362 0.045028 0.042031 0.051009 0.068069 0.088773 0.11102 0.13404 0.15784 0.18276 0.20918 0.23724 0.26688 0.29789 0.32972 0.36188 0.39366 0.42433 0.45313 0.47932 0.50217 0.5212 0.53591 0.54606 0.55151 0.55228 0.54861 0.54078 0.52928 0.51472 0.49789 0.47988 0.46216 0.44608 0.43227 0.42071 0.41121 0.40357 0.39759 0.39312 0.39003 0.38822 0.38759
0.20376 0.15984 0.1196 0.085538 0.058675 0.039465 0.030839 0.035854 0.049993 0.068199 0.088528 0.10998 0.13196 0.15424 0.17714 0.20119 0.22688 0.25446 0.28389 0.31496 0.3471 0.37979 0.41227 0.44374 0.47339 0.50043 0.52407 0.54378 0.55904 0.56957 0.57523 0.57603 0.57221 0.56406 0.55212 0.53698 0.51948 0.50076 0.48235 0.46566 0.45132 0.43933 0.42947 0.42152 0.41527 0.41055 0.40722 0.40517 0.40429
0.18003 0.15333 0.13747 0.11043 0.082792 0.069547 0.071932 0.080934 0.092224 0.10597 0.12215 0.14013 0.15923 0.17908 0.19995 0.22234 0.24675 0.2734 0.30227 0.33311 0.36531 0.39829 0.43125 0.46334 0.49368 0.52143 0.54573 0.56602 0.58175 0.5926 0.59843 0.59923 0.59526 0.58681 0.57442 0.55874 0.54061 0.52122 0.50216 0.48488 0.47005 0.45764 0.44743 0.43918 0.43267 0.42772 0.42416 0.42187 0.42075
0.25148 0.19937 0.15451 0.12876 0.11745 0.12003 0.12852 0.13569 0.14188 0.15002 0.16107 0.17462 0.18997 0.20668 0.22497 0.24529 0.26809 0.29357 0.32165 0.35205 0.38412 0.41721 0.45049 0.48304 0.51391 0.54223 0.56707 0.58785 0.60396 0.61507 0.62103 0.62181 0.61769 0.60895 0.59616 0.57996 0.56124 0.54122 0.52154 0.50371 0.48841 0.47561 0.46507 0.45655 0.44979 0.44461 0.44083 0.43832 0.43697
0.21436 0.18875 0.16489 0.15352 0.16122 0.17565 0.18649 0.19054 0.19171 0.19479 0.20114 0.21043 0.22201 0.23548 0.25107 0.26919 0.29029 0.31449 0.34167 0.37152 0.40332 0.4364 0.46985 0.50271 0.53399 0.56274 0.58802 0.60918 0.6256 0.63693 0.64298 0.64373 0.63945 0.63045 0.61727 0.6006 0.58133 0.56073 0.54047 0.52213 0.50639 0.49322 0.48238 0.47359 0.4666 0.46121 0.45722 0.4545 0.45293
0.27606 0.22036 0.19606 0.19983 0.21605 0.23317 0.24211 0.24204 0.23866 0.23752 0.23998 0.24561 0.25383 0.2643 0.27732 0.29335 0.31279 0.33573 0.362 0.39125 0.4227 0.45566 0.48918 0.52224 0.5538 0.58289 0.6085 0.62997 0.64663 0.65811 0.66422 0.66493 0.66051 0.65125 0.63773 0.62062 0.60085 0.57971 0.55892 0.5401 0.52396 0.51046 0.49934 0.49031 0.4831 0.4775 0.47332 0.4704 0.46862
0.28698 0.26305 0.25582 0.26073 0.27572 0.28831 0.29223 0.2878 0.28076 0.27652 0.27607 0.27886 0.28431 0.29222 0.30301 0.31717 0.33513 0.35692 0.38234 0.411 0.44208 0.47486 0.50836 0.54152 0.57327 0.6026 0.62845 0.65013 0.66697 0.67856 0.6847 0.68537 0.6808 0.67132 0.65749 0.63999 0.61977 0.59814 0.57687 0.55762 0.54111 0.5273 0.51593 0.50667 0.49927 0.49349 0.48912 0.48602 0.48404
0.33524 0.32118 0.31405 0.31864 0.33019 0.33568 0.334 0.32612 0.31679 0.31072 0.30845 0.30927 0.31268 0.31859 0.32758 0.34021 0.35693 0.37775 0.40243 0.43055 0.46127 0.49384 0.52726 0.56045 0.59231 0.62178 0.64779 0.66962 0.68658 0.69823 0.70439 0.705 0.70031 0.69063 0.67653 0.6587 0.63808 0.61601 0.5943 0.57466 0.55783 0.54375 0.53214 0.52269 0.51511 0.50915 0.50462 0.50134 0.49919
0.38639 0.36064 0.35042 0.36236 0.37092 0.37064 0.36544 0.35612 0.34615 0.33955 0.33652 0.33628 0.33841 0.34294 0.35063 0.36213 0.37791 0.39797 0.42206 0.44972 0.48011 0.51247 0.54578 0.57893 0.61083 0.64037 0.66646 0.68839 0.7054 0.7171 0.72325 0.7238 0.71901 0.70916 0.69484 0.67671 0.65575 0.6333 0.61121 0.59123 0.5741 0.55978 0.54797 0.53834 0.5306 0.52449 0.51981 0.51637 0.51404
0.37534 0.35952 0.37261 0.38843 0.39317 0.39099 0.38601 0.3778 0.36883 0.36286 0.36004 0.35959 0.36118 0.36499 0.3719 0.38269 0.39785 0.41739 0.44105 0.46837 0.49847 0.53063 0.5638 0.59689 0.62875 0.6583 0.68442 0.70637 0.72341 0.7351 0.74124 0.74174 0.73687 0.72689 0.71238 0.69403 0.67277 0.64999 0.62758 0.6073 0.58992 0.57539 0.56341 0.55363 0.54575 0.53951 0.53468 0.5311 0.52861
0.40683 0.38953 0.39407 0.39544 0.39697 0.3978 0.39691 0.39202 0.3853 0.38086 0.37904 0.37913 0.38088 0.38457 0.39123 0.40172 0.41659 0.43587 0.45926 0.48635 0.51624 0.54822 0.58125 0.61422 0.64602 0.67551 0.7016 0.72353 0.74055 0.75223 0.75834 0.75881 0.75388 0.74381 0.72917 0.71063 0.68915 0.6661 0.64341 0.62288 0.60529 0.59059 0.57846 0.56855 0.56054 0.55418 0.54923 0.54552 0.54289
0.45058 0.43061 0.39936 0.38384 0.38763 0.39531 0.40077 0.40025 0.39639 0.394 0.39375 0.39499 0.39751 0.40165 0.40856 0.41916 0.43406 0.4533 0.47661 0.50358 0.53333 0.56515 0.59804 0.63088 0.66256 0.69196 0.71797 0.73984 0.75681 0.76846 0.77454 0.77498 0.77002 0.7599 0.74518 0.72652 0.70486 0.6816 0.65869 0.63796 0.6202 0.60536 0.59311 0.58309 0.57499 0.56853 0.56347 0.55963 0.55687
0.44855 0.41274 0.37175 0.36348 0.37502 0.38973 0.40093 0.40427 0.40307 0.40287 0.40454 0.4074 0.41119 0.4163 0.42389 0.43498 0.4502 0.46963 0.49301 0.51997 0.54965 0.58135 0.6141 0.6468 0.67833 0.7076 0.73349 0.75526 0.77215 0.78375 0.78981 0.79025 0.78529 0.77517 0.76042 0.74169 0.71992 0.69651 0.67343 0.65254 0.63465 0.61971 0.60737 0.59727 0.58908 0.58253 0.57738 0.57343 0.57055
0.42149 0.35963 0.34387 0.35478 0.36984 0.38699 0.40047 0.4057 0.40637 0.40818 0.4119 0.41669 0.42217 0.42864 0.43731 0.4492 0.46501 0.48482 0.50843 0.53548 0.56515 0.59677 0.62938 0.66192 0.69329 0.72239 0.74812 0.76976 0.78657 0.79811 0.80415 0.80461 0.79968 0.78961 0.77489 0.75615 0.73433 0.71083 0.68763 0.66663 0.64865 0.63363 0.62123 0.61107 0.60282 0.5962 0.59097 0.58693 0.58393
0.43022 0.37656 0.37115 0.37011 0.3773 0.39019 0.40122 0.40576 0.40718 0.41063 0.41638 0.42327 0.43071 0.43889 0.44895 0.46192 0.47852 0.49888 0.52284 0.55007 0.57978 0.61135 0.64384 0.67621 0.70739 0.73629 0.76184 0.78334 0.80003 0.81152 0.81756 0.81805 0.81321 0.80322 0.78859 0.7699 0.74809 0.72455 0.70129 0.68023 0.6622 0.64714 0.6347 0.6245 0.61621 0.60954 0.60423 0.60011 0.59702
0.48618 0.46937 0.42811 0.39812 0.39423 0.39857 0.40341 0.40511 0.40626 0.41088 0.41852 0.42758 0.43717 0.44727 0.45896 0.47321 0.49078 0.51183 0.53623 0.56371 0.59352 0.62506 0.65744 0.68964 0.7206 0.74929 0.77464 0.79596 0.81254 0.82397 0.83002 0.83059 0.82586 0.81602 0.80152 0.78296 0.76122 0.7377 0.71442 0.69334 0.6753 0.66023 0.64778 0.63757 0.62925 0.62254 0.61718 0.61299 0.60981
0.54451 0.51789 0.45111 0.42109 0.41303 0.40856 0.40603 0.40391 0.40414 0.40955 0.41889 0.43007 0.44188 0.45406 0.46753 0.48321 0.50186 0.52369 0.54861 0.5764 0.60634 0.63788 0.67015 0.70217 0.73291 0.76136 0.78648 0.80762 0.82408 0.83546 0.84155 0.84222 0.83766 0.82801 0.81372 0.79532 0.77371 0.75027 0.72703 0.70598 0.68796 0.67291 0.66048 0.65027 0.64194 0.6352 0.6298 0.62555 0.6223
0.52438 0.46007 0.43309 0.43364 0.42706 0.41619 0.40763 0.40209 0.40127 0.40719 0.418 0.4312 0.44522 0.45953 0.47485 0.49204 0.51185 0.53451 0.56 0.58814 0.61824 0.64979 0.68196 0.71379 0.74429 0.77249 0.79737 0.81832 0.83465 0.846 0.85214 0.85296 0.84861 0.83921 0.82517 0.80701 0.78559 0.76228 0.73913 0.71815 0.70019 0.68519 0.6728 0.66261 0.65429 0.64754 0.64211 0.63781 0.63449
0.43929 0.39077 0.42501 0.4398 0.43278 0.41879 0.40716 0.39957 0.39798 0.40426 0.41633 0.43138 0.44753 0.46395 0.48113 0.49984 0.52082 0.54435 0.57043 0.59894 0.62921 0.66078 0.69285 0.72448 0.75473 0.78266 0.8073 0.82804 0.84426 0.85559 0.86182 0.86282 0.85872 0.84963 0.8359 0.81804 0.79686 0.77374 0.75073 0.72986 0.71199 0.69707 0.68474 0.6746 0.6663 0.65955 0.65411 0.64977 0.64639
0.49098 0.47249 0.45508 0.44135 0.42953 0.41575 0.40438 0.39645 0.39458 0.40119 0.41431 0.43103 0.44916 0.46757 0.48654 0.50673 0.52887 0.55325 0.57993 0.60881 0.63926 0.67086 0.70281 0.73424 0.76423 0.79188 0.81625 0.8368 0.85291 0.86424 0.87058 0.8718 0.86801 0.85928 0.84593 0.82842 0.80755 0.78466 0.76184 0.74111 0.72338 0.70856 0.69631 0.68623 0.67797 0.67124 0.66579 0.66143 0.658
0.62407 0.57395 0.47854 0.43464 0.41907 0.40845 0.39995 0.39309 0.39141 0.39832 0.41232 0.43047 0.45039 0.47063 0.49127 0.51285 0.53607 0.56127 0.58852 0.61777 0.64839 0.68001 0.71185 0.74307 0.77278 0.80014 0.82425 0.8446 0.86061 0.87196 0.87845 0.87993 0.8765 0.86819 0.85527 0.83817 0.81766 0.79507 0.77247 0.75193 0.73435 0.71967 0.70752 0.69752 0.68932 0.68262 0.67717 0.67278 0.66931
0.6062 0.53837 0.45587 0.41839 0.40534 0.39971 0.39515 0.38999 0.38874 0.39595 0.41065 0.43002 0.45148 0.47333 0.49545 0.51829 0.54251 0.56847 0.59626 0.62584 0.65663 0.68825 0.71996 0.75096 0.78039 0.80745 0.83129 0.85144 0.86737 0.87876 0.88544 0.88723 0.88422 0.87637 0.86395 0.84732 0.82722 0.80496 0.78264 0.76232 0.74493 0.7304 0.71838 0.70848 0.70034 0.69368 0.68824 0.68385 0.68034
0.45577 0.40612 0.40855 0.40006 0.39379 0.39282 0.39144 0.3877 0.38688 0.39432 0.40957 0.42992 0.45265 0.47585 0.49924 0.52315 0.54826 0.57489 0.60316 0.63306 0.66399 0.69559 0.72717 0.75792 0.78706 0.81381 0.83738 0.85735 0.8732 0.88467 0.89157 0.89372 0.89117 0.88385 0.87198 0.85587 0.83624 0.81437 0.79236 0.7723 0.75512 0.74077 0.72889 0.7191 0.71104 0.70443 0.69902 0.69462 0.69109
0.4557 0.39373 0.39536 0.39192 0.38957 0.39038 0.38995 0.38669 0.38602 0.39359 0.40925 0.43034 0.45405 0.47832 0.50272 0.52753 0.55337 0.58058 0.60928 0.63944 0.67048 0.70205 0.73346 0.76397 0.79279 0.81923 0.84253 0.86232 0.87812 0.8897 0.89686 0.89942 0.89738 0.89065 0.87939 0.86386 0.84474 0.8233 0.80165 0.78188 0.76494 0.75078 0.73907 0.7294 0.72143 0.71488 0.7095 0.70511 0.70156
0.6012 0.51389 0.42845 0.40019 0.39498 0.39337 0.39118 0.38719 0.3863 0.39389 0.4098 0.4314 0.4558 0.48083 0.50598 0.53147 0.5579 0.58558 0.61463 0.64501 0.67613 0.70764 0.73887 0.7691 0.79761 0.82373 0.84676 0.86638 0.88216 0.89387 0.90133 0.90435 0.90289 0.8968 0.88619 0.8713 0.85274 0.83178 0.81051 0.79106 0.77439 0.76045 0.74891 0.73938 0.73151 0.72503 0.71969 0.71531 0.71176
0.63837 0.56732 0.46203 0.42015 0.40824 0.40087 0.39487 0.3892 0.38777 0.39527 0.41129 0.43317 0.45796 0.48345 0.50908 0.53503 0.56189 0.58994 0.61926 0.6498 0.68096 0.71238 0.74341 0.77335 0.80153 0.82732 0.85008 0.86955 0.88532 0.89721 0.90502 0.90854 0.9077 0.90231 0.89242 0.87821 0.86026 0.83981 0.81897 0.79986 0.78348 0.76978 0.75843 0.74905 0.74129 0.73488 0.72959 0.72524 0.72168
0.55989 0.51748 0.47202 0.44283 0.42483 0.41072 0.40029 0.39254 0.39038 0.3977 0.41372 0.43565 0.46055 0.4862 0.51204 0.53824 0.56537 0.59367 0.62319 0.65384 0.68499 0.71629 0.74709 0.77672 0.80455 0.83001 0.85251 0.87184 0.88764 0.89973 0.90794 0.91202 0.91186 0.90722 0.8981 0.88461 0.86731 0.84742 0.82703 0.8083 0.79223 0.77878 0.76764 0.75841 0.75078 0.74446 0.73922 0.73489 0.73134
0.5106 0.46027 0.47408 0.46174 0.43992 0.42054 0.40649 0.39691 0.39404 0.40114 0.41704 0.43882 0.46355 0.48908 0.51487 0.54113 0.56837 0.59682 0.62645 0.65715 0.68825 0.71939 0.74994 0.77924 0.80671 0.83183 0.85408 0.87329 0.88914 0.90148 0.91012 0.91481 0.91538 0.91155 0.90324 0.89054 0.87393 0.85463 0.83472 0.81639 0.80065 0.78747 0.77654 0.76748 0.75997 0.75375 0.74857 0.74428 0.74073
0.56039 0.49464 0.48854 0.47367 0.45021 0.42855 0.4127 0.40199 0.39861 0.40549 0.42117 0.4426 0.46692 0.49205 0.51758 0.5437 0.57092 0.5994 0.62907 0.65976 0.69076 0.72171 0.75197 0.78092 0.80801 0.8328 0.8548 0.8739 0.88984 0.90246 0.91159 0.91694 0.9183 0.91532 0.90788 0.896 0.88012 0.86144 0.84205 0.82414 0.80874 0.79584 0.78514 0.77626 0.76889 0.76277 0.75766 0.7534 0.74986
0.6262 0.57126 0.50883 0.47726 0.45453 0.43396 0.41844 0.40755 0.40394 0.41062 0.42598 0.44689 0.47056 0.49508 0.52013 0.54595 0.57302 0.60144 0.63107 0.66169 0.69255 0.72326 0.7532 0.78178 0.80849 0.83294 0.85469 0.87372 0.88976 0.90271 0.91238 0.91843 0.92064 0.91857 0.91204 0.90102 0.88591 0.86788 0.84903 0.83156 0.81652 0.80392 0.79345 0.78476 0.77754 0.77151 0.76648 0.76226 0.75875
0.64927 0.6006 0.51328 0.4729 0.45368 0.437 0.42364 0.41343 0.40988 0.41641 0.43134 0.45156 0.47439 0.4981 0.5225 0.54787 0.57468 0.60295 0.63247 0.66296 0.69363 0.72407 0.75367 0.78185 0.80816 0.83226 0.85379 0.87275 0.88894 0.90226 0.91251 0.91933 0.92243 0.92131 0.91574 0.90562 0.89132 0.87397 0.85568 0.83866 0.824 0.81171 0.80149 0.79299 0.78591 0.78 0.77504 0.77087 0.76738
0.62216 0.55972 0.49419 0.46352 0.44991 0.43861 0.42849 0.41955 0.41631 0.42268 0.43709 0.45647 0.47829 0.50104 0.52465 0.54946 0.57591 0.60395 0.6333 0.6636 0.69403 0.72417 0.75338 0.78114 0.80705 0.8308 0.85211 0.87104 0.88741 0.90114 0.91202 0.91965 0.92369 0.92358 0.91901 0.90983 0.89636 0.87972 0.862 0.84547 0.8312 0.81922 0.80925 0.80095 0.79402 0.78823 0.78335 0.77923 0.77577
0.56662 0.48835 0.46734 0.45426 0.44613 0.4401 0.43333 0.42589 0.42308 0.42929 0.44307 0.46148 0.48217 0.50382 0.52653 0.5507 0.57671 0.60445 0.63357 0.66364 0.69378 0.72357 0.75237 0.77969 0.80517 0.82859 0.84969 0.8686 0.88518 0.89937 0.91093 0.91943 0.92446 0.92541 0.92187 0.91366 0.90105 0.88514 0.86803 0.85198 0.83811 0.82645 0.81674 0.80865 0.80188 0.79621 0.79141 0.78735 0.78392
0.54085 0.46482 0.45842 0.45026 0.44497 0.44267 0.43853 0.43246 0.43009 0.43606 0.44912 0.46643 0.48589 0.50637 0.52812 0.55157 0.57708 0.60447 0.6333 0.66308 0.6929 0.7223 0.75066 0.77752 0.80257 0.82563 0.84654 0.86546 0.8823 0.89698 0.90927 0.91869 0.92477 0.9268 0.92435 0.91714 0.90542 0.89026 0.87376 0.85822 0.84475 0.83343 0.82398 0.8161 0.8095 0.80394 0.79923 0.79523 0.79183
0.5866 0.51895 0.47575 0.45383 0.44806 0.44708 0.44432 0.43926 0.4372 0.44284 0.45506 0.4712 0.48936 0.50863 0.52937 0.55206 0.57702 0.60401 0.63251 0.66196 0.69141 0.72038 0.74827 0.77464 0.79925 0.82197 0.8427 0.86166 0.87878 0.89401 0.90709 0.91747 0.92463 0.9278 0.92646 0.92029 0.90947 0.89508 0.87922 0.86419 0.85114 0.84015 0.83097 0.82331 0.81687 0.81144 0.80682 0.80288 0.79951
0.65732 0.58827 0.50226 0.46368 0.45557 0.45349 0.45077 0.44623 0.4443 0.44947 0.46074 0.47564 0.49248 0.51051 0.53024 0.55215 0.57654 0.6031 0.63122 0.6603 0.68933 0.71783 0.74522 0.77109 0.79524 0.81762 0.83819 0.85722 0.87467 0.89049 0.90439 0.91579 0.92409 0.92843 0.92824 0.92312 0.91324 0.89963 0.88441 0.8699 0.85727 0.84663 0.83772 0.83027 0.824 0.8187 0.81418 0.8103 0.80697
0.68355 0.61185 0.51798 0.47681 0.46636 0.46145 0.45777 0.45328 0.45124 0.4558 0.46602 0.47964 0.49515 0.51197 0.53069 0.55183 0.57564 0.60173 0.62944 0.6581 0.68669 0.71469 0.74154 0.76689 0.79057 0.81262 0.83304 0.85216 0.86998 0.88644 0.90122 0.91369 0.92316 0.92872 0.9297 0.92566 0.91673 0.90392 0.88935 0.87537 0.86317 0.85287 0.84424 0.83701 0.83091 0.82573 0.82131 0.8175 0.81422
0.64742 0.57924 0.51822 0.49064 0.47857 0.47019 0.46508 0.46029 0.45788 0.46166 0.47077 0.48309 0.4973 0.51295 0.53071 0.5511 0.57432 0.59993 0.6272 0.65541 0.6835 0.71096 0.73726 0.76206 0.78527 0.80698 0.82728 0.84652 0.86475 0.8819 0.89761 0.91118 0.92187 0.92867 0.93086 0.92792 0.91996 0.90796 0.89405 0.8806 0.86883 0.85888 0.85053 0.84352 0.83759 0.83255 0.82822 0.82448 0.82124
0.58982 0.52673 0.51364 0.50374 0.4902 0.47882 0.47238 0.46708 0.46407 0.46693 0.47485 0.48589 0.49886 0.51342 0.53027 0.54994 0.57258 0.5977 0.6245 0.65222 0.67978 0.70668 0.73239 0.75663 0.77936 0.80075 0.82093 0.84033 0.85901 0.87689 0.89357 0.90831 0.92025 0.92834 0.93175 0.92993 0.92294 0.91176 0.89852 0.88561 0.87428 0.86467 0.85661 0.84981 0.84405 0.83915 0.83491 0.83124 0.82805
0.57596 0.51239 0.51859 0.51508 0.49964 0.48657 0.47936 0.47346 0.46966 0.47147 0.47818 0.48797 0.49978 0.51334 0.52936 0.54836 0.57044 0.59505 0.62136 0.64856 0.67556 0.70186 0.72695 0.75061 0.77286 0.79393 0.81402 0.83362 0.85278 0.87144 0.88915 0.90509 0.91833 0.92772 0.93238 0.9317 0.9257 0.91535 0.90278 0.89041 0.87951 0.87025 0.86247 0.85589 0.85031 0.84553 0.8414 0.83781 0.83466
0.62127 0.55544 0.5367 0.52329 0.50587 0.49296 0.48573 0.47925 0.47449 0.47517 0.48066 0.48928 0.50003 0.51269 0.52797 0.54635 0.5679 0.59201 0.61781 0.64446 0.67086 0.69653 0.72098 0.74404 0.7658 0.78656 0.80659 0.8264 0.8461 0.86559 0.88437 0.90155 0.91612 0.92685 0.93278 0.93325 0.92825 0.91872 0.90683 0.895 0.88454 0.87563 0.86812 0.86177 0.85636 0.85172 0.84769 0.84416 0.84107
0.67797 0.61521 0.55767 0.52668 0.50865 0.49781 0.49128 0.48426 0.47844 0.47791 0.48222 0.48976 0.49958 0.51147 0.5261 0.54392 0.56496 0.58857 0.61385 0.63992 0.6657 0.6907 0.71449 0.73694 0.7582 0.77866 0.79864 0.81872 0.839 0.85936 0.87926 0.89773 0.91367 0.92575 0.93297 0.9346 0.93059 0.9219 0.91068 0.8994 0.88937 0.88081 0.87358 0.86745 0.86221 0.8577 0.85378 0.85033 0.84729
0.70205 0.64671 0.56731 0.52417 0.50842 0.50121 0.49586 0.48831 0.48136 0.47963 0.48281 0.48938 0.49842 0.50966 0.52376 0.54109 0.56165 0.58477 0.6095 0.63497 0.66009 0.6844 0.7075 0.72933 0.7501 0.77026 0.79022 0.8106 0.83149 0.85278 0.87385 0.89364 0.91097 0.92444 0.93296 0.93576 0.93276 0.9249 0.91435 0.90361 0.89402 0.8858 0.87885 0.87293 0.86787 0.8635 0.85967 0.85629 0.85331
0.68377 0.63323 0.55788 0.51621 0.50619 0.5034 0.49936 0.49125 0.48315 0.48024 0.4824 0.48815 0.49655 0.50728 0.52094 0.53786 0.55798 0.5806 0.60477 0.62962 0.65406 0.67765 0.70004 0.72122 0.7415 0.76138 0.78135 0.80206 0.82363 0.84588 0.86816 0.88932 0.90807 0.92295 0.93278 0.93674 0.93475 0.92772 0.91785 0.90764 0.89848 0.89061 0.88393 0.87823 0.87334 0.8691 0.86537 0.86207 0.85914
0.64063 0.58466 0.53204 0.5052 0.50328 0.50467 0.50169 0.49296 0.48372 0.4797 0.48097 0.48606 0.49398 0.50435 0.51768 0.53424 0.55395 0.57609 0.59969 0.62389 0.64762 0.67046 0.69213 0.71266 0.73244 0.75205 0.77206 0.79314 0.81542 0.83869 0.86222 0.88478 0.90499 0.92128 0.93243 0.93757 0.93658 0.93038 0.92118 0.91151 0.90277 0.89524 0.88883 0.88335 0.87863 0.87452 0.8709 0.86767 0.86479
0.60197 0.52877 0.50146 0.49495 0.50089 0.50527 0.50278 0.49332 0.48299 0.47799 0.47852 0.48312 0.49073 0.50087 0.51398 0.53026 0.5496 0.57125 0.59427 0.6178 0.64079 0.66287 0.68378 0.70365 0.72293 0.7423 0.76237 0.78386 0.8069 0.83124 0.85606 0.88005 0.90174 0.91946 0.93194 0.93825 0.93826 0.93289 0.92435 0.91521 0.90689 0.8997 0.89356 0.88829 0.88374 0.87976 0.87624 0.87309 0.87027
0.58956 0.49789 0.48157 0.48922 0.49986 0.50527 0.50255 0.49225 0.48093 0.47509 0.47506 0.47936 0.48683 0.49689 0.50987 0.52593 0.54492 0.5661 0.58853 0.61136 0.63359 0.65487 0.67502 0.69422 0.71301 0.73214 0.7523 0.77424 0.79809 0.82354 0.84971 0.87516 0.89834 0.91751 0.93132 0.93881 0.93981 0.93526 0.92738 0.91876 0.91086 0.904 0.89812 0.89306 0.88867 0.88483 0.88141 0.87834 0.87557
0.6031 0.50747 0.48238 0.49004 0.50033 0.5046 0.50091 0.48968 0.47749 0.47101 0.47063 0.47482 0.48232 0.49243 0.50538 0.52127 0.53994 0.56065 0.58247 0.60459 0.62603 0.6465 0.66586 0.68439 0.70269 0.7216 0.74189 0.76432 0.78903 0.81564 0.84318 0.87013 0.89483 0.91545 0.93058 0.93924 0.94124 0.93749 0.93026 0.92216 0.91467 0.90814 0.90252 0.89767 0.89344 0.88973 0.88641 0.88341 0.8807
0.62713 0.54494 0.50166 0.49669 0.50178 0.50302 0.49776 0.48558 0.4727 0.4658 0.46527 0.46955 0.47724 0.48752 0.50052 0.5163 0.53468 0.55491 0.57612 0.59751 0.61814 0.63777 0.65633 0.67417 0.69199 0.71071 0.73115 0.75413 0.77973 0.80755 0.83651 0.86498 0.89121 0.91329 0.92975 0.93957 0.94255 0.93961 0.93301 0.92542 0.91833 0.91212 0.90676 0.90212 0.89805 0.89446 0.89124 0.88832 0.88567
0.6481 0.58588 0.52793 0.5062 0.50316 0.50018 0.49302 0.47993 0.46657 0.45948 0.45904 0.4636 0.47164 0.48221 0.49534 0.51105 0.52915 0.54891 0.56949 0.59012 0.60992 0.6287 0.64645 0.6636 0.68094 0.69949 0.72012 0.74367 0.77023 0.7993 0.82971 0.85973 0.8875 0.91105 0.92883 0.9398 0.94375 0.9416 0.93564 0.92855 0.92186 0.91596 0.91085 0.90641 0.9025 0.89904 0.89592 0.89307 0.89048
0.66031 0.61213 0.54913 0.51473 0.50321 0.49574 0.48661 0.47275 0.45915 0.45212 0.45201 0.45703 0.46557 0.47653 0.48987 0.50554 0.52337 0.54266 0.5626 0.58246 0.6014 0.61931 0.63623 0.65268 0.66956 0.68795 0.70881 0.73299 0.76055 0.79091 0.82281 0.85441 0.88373 0.90874 0.92784 0.93996 0.94486 0.94349 0.93815 0.93154 0.92525 0.91966 0.9148 0.91055 0.9068 0.90346 0.90044 0.89767 0.89513
0.6614 0.61572 0.55791 0.51894 0.50078 0.48936 0.47851 0.46409 0.45051 0.44382 0.44424 0.44992 0.45908 0.47053 0.48412 0.49979 0.51736 0.53618 0.55545 0.57452 0.5926 0.6096 0.62569 0.64144 0.65786 0.67612 0.69725 0.72211 0.75071 0.78242 0.81584 0.84902 0.87991 0.90638 0.92679 0.94003 0.94588 0.94528 0.94054 0.93442 0.9285 0.92322 0.9186 0.91455 0.91095 0.90773 0.9048 0.90211 0.89963
0.64898 0.59724 0.55241 0.51677 0.49499 0.48082 0.4687 0.45402 0.44074 0.43464 0.43584 0.44234 0.45224 0.46424 0.47813 0.49382 0.51114 0.52947 0.54808 0.56633 0.58352 0.59961 0.61484 0.6299 0.64587 0.66403 0.68546 0.71104 0.74074 0.77383 0.80881 0.8436 0.87606 0.90398 0.92569 0.94005 0.94682 0.94697 0.94284 0.93718 0.93164 0.92665 0.92227 0.9184 0.91495 0.91186 0.90902 0.9064 0.90398
0.62323 0.56412 0.53505 0.50757 0.48544 0.47005 0.45725 0.44263 0.42995 0.42471 0.42688 0.43435 0.4451 0.45772 0.47194 0.48766 0.50472 0.52256 0.54048 0.5579 0.57418 0.58935 0.60371 0.61807 0.6336 0.65169 0.67347 0.69982 0.73067 0.76518 0.80175 0.83816 0.87219 0.90156 0.92455 0.94001 0.94769 0.94858 0.94503 0.93984 0.93465 0.92996 0.9258 0.92212 0.91882 0.91584 0.9131 0.91055 0.90819
0.59183 0.52835 0.51063 0.49194 0.47215 0.45709 0.44425 0.43004 0.41826 0.41413 0.41746 0.42604 0.43772 0.451 0.46557 0.48132 0.49813 0.51546 0.53267 0.54925 0.56459 0.57882 0.59232 0.60597 0.62109 0.63912 0.66129 0.68846 0.72051 0.7565 0.79467 0.83272 0.86832 0.89912 0.92338 0.93992 0.9485 0.95011 0.94712 0.94238 0.93755 0.93314 0.92921 0.9257 0.92255 0.91968 0.91703 0.91456 0.91225
0.56902 0.50201 0.48432 0.47128 0.45557 0.44214 0.42986 0.41642 0.40581 0.40302 0.40769 0.41748 0.43014 0.44412 0.45905 0.47483 0.49137 0.50818 0.52467 0.54038 0.55478 0.56805 0.58067 0.59362 0.60833 0.62635 0.64895 0.677 0.7103 0.74779 0.78759 0.8273 0.86446 0.89669 0.92219 0.93979 0.94925 0.95156 0.94913 0.94483 0.94034 0.9362 0.93249 0.92916 0.92615 0.92339 0.92083 0.91843 0.91618
0.56525 0.49071 0.45991 0.44747 0.43647 0.42553 0.41427 0.40191 0.39275 0.39151 0.39766 0.40875 0.42244 0.43712 0.45241 0.46821 0.48446 0.50073 0.51649 0.53132 0.54475 0.55705 0.56878 0.58104 0.59536 0.6134 0.63647 0.66545 0.70005 0.73908 0.78055 0.8219 0.86062 0.89426 0.92099 0.93963 0.94995 0.95294 0.95106 0.94718 0.94303 0.93915 0.93565 0.93249 0.92961 0.92697 0.9245 0.92217 0.91997
0.57609 0.49023 0.43897 0.42255 0.41581 0.40763 0.39771 0.38673 0.37924 0.37972 0.38747 0.39991 0.41465 0.43003 0.44566 0.46147 0.47743 0.49314 0.50814 0.52207 0.53453 0.54584 0.55667 0.56824 0.58218 0.60027 0.62388 0.65384 0.68978 0.7304 0.77354 0.81655 0.85682 0.89185 0.91979 0.93945 0.9506 0.95426 0.9529 0.94943 0.94561 0.94199 0.9387 0.9357 0.93296 0.93042 0.92804 0.92578 0.92364
0.58555 0.49056 0.42106 0.39845 0.39465 0.38891 0.38045 0.37106 0.36545 0.3678 0.37722 0.39104 0.40682 0.42289 0.43885 0.45464 0.47027 0.48542 0.49964 0.51265 0.52411 0.53442 0.54435 0.55523 0.56882 0.587 0.61119 0.64218 0.67953 0.72176 0.7666 0.81126 0.85307 0.88947 0.9186 0.93925 0.95121 0.95553 0.95468 0.9516 0.94809 0.94472 0.94163 0.9388 0.93618 0.93375 0.93145 0.92926 0.92718
0.58022 0.4835 0.40501 0.37681 0.37397 0.36982 0.36276 0.35512 0.35155 0.35587 0.36701 0.38221 0.39901 0.41573 0.43198 0.44772 0.46301 0.47756 0.491 0.50307 0.51352 0.52282 0.53184 0.54203 0.55529 0.5736 0.59842 0.63051 0.6693 0.71319 0.75973 0.80605 0.84938 0.88713 0.91742 0.93904 0.95179 0.95673 0.95638 0.95369 0.95048 0.94736 0.94445 0.94178 0.93929 0.93696 0.93475 0.93262 0.93059
0.55843 0.46694 0.3902 0.35881 0.35459 0.3508 0.34496 0.33915 0.33772 0.34406 0.35691 0.37347 0.39124 0.40857 0.42508 0.44075 0.45567 0.4696 0.48223 0.49335 0.50277 0.51105 0.51915 0.52866 0.54161 0.56009 0.58559 0.61884 0.65913 0.7047 0.75296 0.80093 0.84576 0.88484 0.91626 0.93882 0.95234 0.95789 0.95801 0.9557 0.95278 0.94989 0.94717 0.94465 0.94228 0.94006 0.93792 0.93586 0.93389
0.53013 0.44486 0.37721 0.34502 0.33706 0.33228 0.32733 0.32338 0.32412 0.33249 0.34703 0.36488 0.38357 0.40145 0.41816 0.43372 0.44824 0.46154 0.47334 0.4835 0.49187 0.49911 0.50629 0.51513 0.5278 0.54649 0.57274 0.6072 0.64903 0.6963 0.7463 0.7959 0.84222 0.8826 0.91512 0.9386 0.95286 0.959 0.95958 0.95763 0.955 0.95233 0.94979 0.94741 0.94517 0.94304 0.94098 0.93899 0.93707
0.50953 0.42467 0.36751 0.33536 0.32164 0.31459 0.31019 0.30804 0.31094 0.32128 0.33742 0.35648 0.37601 0.39438 0.41124 0.42665 0.44075 0.4534 0.46435 0.47352 0.48084 0.48703 0.49328 0.50145 0.51386 0.53281 0.55987 0.5956 0.63902 0.68803 0.73976 0.79099 0.83877 0.88041 0.91401 0.93838 0.95336 0.96007 0.96109 0.95948 0.95713 0.95467 0.95231 0.95007 0.94794 0.94591 0.94393 0.942 0.94013
0.50443 0.413 0.36247 0.32905 0.30829 0.29806 0.29384 0.29337 0.29833 0.31054 0.32817 0.34833 0.3686 0.38738 0.40434 0.41956 0.43321 0.44518 0.45527 0.46344 0.46968 0.47481 0.48013 0.48764 0.49982 0.51908 0.547 0.58407 0.62913 0.6799 0.73335 0.78619 0.83541 0.8783 0.91294 0.93817 0.95384 0.9611 0.96254 0.96127 0.95917 0.95693 0.95474 0.95263 0.95061 0.94867 0.94677 0.9449 0.94309
0.51103 0.4122 0.36235 0.32489 0.29676 0.28291 0.27858 0.27958 0.28644 0.30035 0.31932 0.34045 0.36135 0.38047 0.39747 0.41246 0.42562 0.43689 0.4461 0.45326 0.45842 0.46247 0.46685 0.47371 0.48569 0.5053 0.53416 0.57263 0.61937 0.67191 0.7271 0.78153 0.83216 0.87625 0.91191 0.93797 0.95431 0.96209 0.96395 0.96299 0.96115 0.9591 0.95707 0.9551 0.95319 0.95133 0.9495 0.9477 0.94594
0.51874 0.41961 0.36571 0.32146 0.28667 0.26935 0.26466 0.2669 0.27542 0.29081 0.31092 0.33287 0.35429 0.37366 0.39064 0.40535 0.41801 0.42856 0.43687 0.443 0.44706 0.45002 0.45345 0.45968 0.47148 0.49151 0.52137 0.5613 0.60976 0.6641 0.72101 0.77701 0.82901 0.87428 0.91092 0.93778 0.95476 0.96305 0.9653 0.96465 0.96304 0.96119 0.95931 0.95747 0.95566 0.95389 0.95213 0.95039 0.94868
0.52026 0.43012 0.3698 0.31747 0.27767 0.25752 0.25233 0.2555 0.26538 0.28198 0.30302 0.32561 0.34744 0.36696 0.38386 0.39825 0.41037 0.42018 0.42759 0.43267 0.43561 0.43747 0.43995 0.44554 0.45721 0.47772 0.50865 0.5501 0.60032 0.65647 0.71509 0.77264 0.82599 0.8724 0.90998 0.93761 0.95521 0.96397 0.9666 0.96624 0.96487 0.9632 0.96147 0.95974 0.95804 0.95635 0.95467 0.95299 0.95132
0.51546 0.43903 0.37155 0.31196 0.2695 0.24753 0.24179 0.24553 0.2564 0.2739 0.29562 0.31869 0.34079 0.36038 0.37714 0.39117 0.40273 0.41178 0.41826 0.42228 0.42409 0.42484 0.42636 0.43132 0.44289 0.46393 0.49602 0.53905 0.59108 0.64904 0.70936 0.76843 0.82308 0.87059 0.90909 0.93746 0.95564 0.96487 0.96786 0.96777 0.96662 0.96513 0.96354 0.96193 0.96032 0.95872 0.9571 0.95548 0.95387
0.50889 0.44291 0.36842 0.30449 0.26207 0.23945 0.23317 0.2371 0.24855 0.26661 0.28875 0.31211 0.33435 0.35392 0.37048 0.38412 0.39508 0.40336 0.4089 0.41185 0.41251 0.41213 0.41268 0.41703 0.42854 0.45019 0.48349 0.52818 0.58204 0.64183 0.70383 0.76438 0.8203 0.86888 0.90825 0.93733 0.95608 0.96574 0.96907 0.96925 0.96831 0.96698 0.96553 0.96404 0.96252 0.96099 0.95944 0.95788 0.95631
0.5049 0.43941 0.35901 0.2952 0.25545 0.23331 0.22653 0.23026 0.24184 0.2601 0.28241 0.30588 0.32814 0.3476 0.3639 0.3771 0.38745 0.39493 0.39952 0.40138 0.40088 0.39935 0.39892 0.40267 0.41416 0.43649 0.4711 0.5175 0.57323 0.63483 0.6985 0.76049 0.81765 0.86726 0.90747 0.93723 0.95651 0.96659 0.97024 0.97068 0.96993 0.96876 0.96744 0.96606 0.96463 0.96318 0.9617 0.96019 0.95867
0.5032 0.42704 0.3434 0.28476 0.24987 0.2291 0.22184 0.225 0.23627 0.25437 0.27659 0.29998 0.32213 0.34141 0.3574 0.37013 0.37984 0.38652 0.39014 0.3909 0.38922 0.38652 0.38511 0.38827 0.39978 0.42286 0.45887 0.50704 0.56466 0.62808 0.69338 0.75679 0.81514 0.86573 0.90674 0.93714 0.95694 0.96742 0.97137 0.97205 0.97149 0.97047 0.96928 0.96799 0.96665 0.96528 0.96386 0.9624 0.96093
0.49857 0.40543 0.3233 0.27436 0.24561 0.22672 0.21899 0.22125 0.23179 0.24938 0.27127 0.29442 0.31635 0.33536 0.35098 0.36321 0.37226 0.37812 0.38076 0.38041 0.37753 0.37365 0.37124 0.37381 0.38541 0.40932 0.44681 0.49682 0.55636 0.62158 0.68847 0.75326 0.81276 0.86429 0.90608 0.93709 0.95737 0.96823 0.97247 0.97337 0.97299 0.97212 0.97104 0.96985 0.9686 0.96729 0.96593 0.96453 0.96311
0.48546 0.37631 0.30197 0.26542 0.24295 0.22602 0.21781 0.21887 0.22832 0.2451 0.26641 0.28917 0.31077 0.32944 0.34465 0.35635 0.36472 0.36975 0.37141 0.36993 0.36584 0.36076 0.35732 0.35933 0.37105 0.39589 0.43494 0.48685 0.54833 0.61534 0.6838 0.74991 0.81052 0.86296 0.90547 0.93707 0.9578 0.96901 0.97353 0.97464 0.97443 0.9737 0.97273 0.97164 0.97046 0.96922 0.96792 0.96657 0.9652
0.46204 0.34447 0.28382 0.25932 0.24207 0.22681 0.21805 0.21771 0.22576 0.24145 0.262 0.28422 0.30539 0.32366 0.33841 0.34956 0.35724 0.36143 0.36209 0.35947 0.35415 0.34784 0.34338 0.34483 0.35674 0.38259 0.42331 0.47717 0.54058 0.60937 0.67936 0.74676 0.80842 0.86172 0.90492 0.93707 0.95823 0.96978 0.97456 0.97587 0.97582 0.97521 0.97435 0.97335 0.97224 0.97107 0.96983 0.96853 0.96721
0.43302 0.31828 0.27351 0.25705 0.24297 0.22881 0.21944 0.21756 0.22399 0.23837 0.25799 0.27954 0.30021 0.31802 0.33228 0.34284 0.34982 0.35316 0.35282 0.34905 0.34247 0.33491 0.3294 0.33031 0.34247 0.36945 0.41191 0.46778 0.53315 0.60368 0.67515 0.74379 0.80646 0.86058 0.90444 0.9371 0.95867 0.97053 0.97555 0.97705 0.97715 0.97666 0.9759 0.97498 0.97396 0.97285 0.97166 0.97042 0.96913
0.41005 0.30801 0.27377 0.25885 0.24549 0.23174 0.22168 0.2182 0.22286 0.23579 0.25434 0.27513 0.29522 0.31251 0.32625 0.33622 0.34249 0.34497 0.34362 0.33869 0.33083 0.322 0.31541 0.31578 0.32826 0.35647 0.4008 0.45872 0.52604 0.59827 0.67119 0.74101 0.80464 0.85954 0.90402 0.93717 0.95912 0.97127 0.97651 0.97819 0.97843 0.97805 0.97739 0.97655 0.97559 0.97455 0.97342 0.97222 0.97098
0.40472 0.31859 0.28413 0.26415 0.24928 0.2353 0.22449 0.21942 0.22226 0.23362 0.251 0.27095 0.2904 0.30715 0.32033 0.32969 0.33524 0.33687 0.3345 0.32839 0.31924 0.30909 0.30141 0.30126 0.31414 0.3437 0.38997 0.44999 0.51925 0.59316 0.66747 0.73843 0.80297 0.8586 0.90366 0.93726 0.95957 0.97199 0.97745 0.97929 0.97965 0.97939 0.97881 0.97805 0.97716 0.97617 0.9751 0.97395 0.97275
0.42221 0.34678 0.30114 0.27183 0.25388 0.23919 0.22762 0.22102 0.22203 0.23179 0.24794 0.26699 0.28575 0.30191 0.31453 0.32326 0.32809 0.32886 0.32548 0.31818 0.30772 0.29622 0.28741 0.28675 0.30011 0.33116 0.37948 0.44162 0.51282 0.58836 0.664 0.73604 0.80145 0.85776 0.90336 0.93739 0.96002 0.9727 0.97835 0.98034 0.98083 0.98067 0.98018 0.97949 0.97866 0.97773 0.9767 0.9756 0.97444
0.45412 0.38189 0.32012 0.28045 0.2588 0.24312 0.23084 0.22281 0.22205 0.23021 0.24511 0.26322 0.28126 0.29682 0.30885 0.31696 0.32107 0.32098 0.31657 0.30808 0.29628 0.2834 0.27342 0.27226 0.2862 0.31886 0.36934 0.43364 0.50674 0.58386 0.66078 0.73384 0.80006 0.85702 0.90312 0.93755 0.96049 0.9734 0.97923 0.98136 0.98196 0.98189 0.98148 0.98086 0.98009 0.97922 0.97824 0.97718 0.97607
0.48745 0.4136 0.33697 0.28868 0.26355 0.24685 0.23394 0.22463 0.22221 0.22882 0.24247 0.25963 0.27693 0.29186 0.3033 0.31078 0.31417 0.31323 0.3078 0.29811 0.28494 0.27063 0.25945 0.2578 0.27243 0.30686 0.35957 0.42605 0.50102 0.57967 0.65781 0.73184 0.79882 0.85638 0.90295 0.93774 0.96096 0.97409 0.98008 0.98234 0.98305 0.98306 0.98272 0.98217 0.98146 0.98064 0.97971 0.97869 0.97762
0.50979 0.43423 0.34875 0.29542 0.2677 0.25018 0.23676 0.22634 0.22241 0.22755 0.23999 0.2562 0.27275 0.28705 0.29789 0.30475 0.30742 0.30563 0.29919 0.28828 0.27372 0.25794 0.2455 0.24338 0.25882 0.29517 0.35022 0.41889 0.49568 0.5758 0.6551 0.73003 0.79772 0.85583 0.90284 0.93796 0.96144 0.97476 0.9809 0.98328 0.98409 0.98418 0.98391 0.98342 0.98276 0.98199 0.98111 0.98014 0.97911
0.51454 0.43989 0.35395 0.29993 0.27093 0.25292 0.23917 0.22782 0.22256 0.22635 0.23762 0.25291 0.26871 0.28238 0.29263 0.29887 0.30083 0.29821 0.29075 0.27863 0.26264 0.24533 0.23159 0.229 0.24539 0.28384 0.34131 0.41215 0.49073 0.57224 0.65263 0.72841 0.79676 0.85538 0.90278 0.93822 0.96192 0.97543 0.9817 0.98419 0.98508 0.98525 0.98504 0.98461 0.984 0.98328 0.98244 0.98151 0.98052
0.50035 0.42982 0.35221 0.30181 0.273 0.25496 0.24107 0.22899 0.22258 0.22516 0.23536 0.24975 0.26482 0.27786 0.28752 0.29315 0.29442 0.29097 0.28252 0.26917 0.25174 0.23284 0.21771 0.21468 0.23217 0.2729 0.33286 0.40587 0.48616 0.569 0.65041 0.72698 0.79594 0.85503 0.90279 0.9385 0.96242 0.97608 0.98248 0.98507 0.98603 0.98627 0.98612 0.98574 0.98519 0.98451 0.98372 0.98283 0.98188
0.47032 0.40595 0.34413 0.30094 0.27374 0.2562 0.24238 0.22977 0.22244 0.22396 0.23316 0.2467 0.26107 0.2735 0.28259 0.28762 0.28821 0.28395 0.2745 0.25993 0.24103 0.22049 0.20389 0.20042 0.2192 0.26239 0.32492 0.40005 0.48199 0.56608 0.64845 0.72574 0.79526 0.85477 0.90286 0.93881 0.96292 0.97673 0.98324 0.98591 0.98695 0.98724 0.98715 0.98682 0.98631 0.98568 0.98493 0.98408 0.98317
0.43161 0.37279 0.33113 0.29749 0.27311 0.25658 0.24305 0.23013 0.22207 0.22271 0.23103 0.24378 0.25746 0.2693 0.27783 0.28228 0.28222 0.27717 0.26674 0.25095 0.23055 0.20829 0.19013 0.18623 0.20652 0.25237 0.3175 0.39471 0.47822 0.56348 0.64673 0.72468 0.7947 0.8546 0.90298 0.93916 0.96343 0.97736 0.98397 0.98671 0.98782 0.98817 0.98813 0.98785 0.98738 0.98679 0.98608 0.98527 0.9844
0.39384 0.33682 0.31506 0.29176 0.27112 0.25608 0.24304 0.23001 0.22146 0.22138 0.22893 0.24096 0.254 0.26527 0.27326 0.27715 0.27645 0.27064 0.25925 0.24225 0.22033 0.19627 0.17645 0.17213 0.19417 0.24289 0.31064 0.38986 0.47485 0.5612 0.64525 0.72381 0.79428 0.85453 0.90316 0.93953 0.96395 0.97799 0.98468 0.98749 0.98865 0.98905 0.98906 0.98882 0.9884 0.98785 0.98718 0.98641 0.98557
0.36726 0.30567 0.29802 0.28418 0.26783 0.25468 0.24235 0.22942 0.22058 0.21997 0.22687 0.23825 0.2507 0.26143 0.2689 0.27225 0.27094 0.26439 0.25207 0.23387 0.21042 0.18449 0.16284 0.15813 0.18221 0.23398 0.30436 0.38551 0.47188 0.55923 0.64401 0.72311 0.79399 0.85454 0.90339 0.93993 0.96447 0.97861 0.98537 0.98824 0.98945 0.9899 0.98994 0.98974 0.98936 0.98885 0.98822 0.98748 0.98668
0.3578 0.28616 0.28195 0.27524 0.26335 0.2524 0.24097 0.22834 0.21944 0.21847 0.22484 0.23565 0.24755 0.25777 0.26476 0.2676 0.26571 0.25844 0.24522 0.22585 0.20085 0.17296 0.14934 0.14424 0.1707 0.22573 0.29869 0.38167 0.46931 0.55757 0.64302 0.7226 0.79383 0.85463 0.90368 0.94036 0.96501 0.97922 0.98604 0.98896 0.99021 0.99069 0.99078 0.99062 0.99027 0.9898 0.9892 0.9885 0.98774
0.36552 0.28128 0.26832 0.26541 0.25783 0.24928 0.23891 0.22679 0.21803 0.21687 0.22285 0.23316 0.24457 0.25432 0.26085 0.26321 0.26077 0.25282 0.23874 0.21822 0.19168 0.16175 0.13596 0.13049 0.15973 0.21817 0.29365 0.37834 0.46715 0.55623 0.64225 0.72225 0.79379 0.85481 0.90402 0.94081 0.96555 0.97982 0.98669 0.98964 0.99093 0.99145 0.99157 0.99144 0.99113 0.99069 0.99013 0.98947 0.98874
0.38294 0.288 0.25783 0.2551 0.25141 0.24536 0.2362 0.22478 0.21636 0.21519 0.22089 0.2308 0.24176 0.25108 0.25718 0.2591 0.25614 0.24756 0.23266 0.21103 0.18297 0.15093 0.12273 0.1169 0.1494 0.21137 0.28927 0.37552 0.46538 0.55518 0.64171 0.72207 0.79387 0.85507 0.90441 0.9413 0.96609 0.98041 0.98732 0.99031 0.99162 0.99217 0.99232 0.99222 0.99195 0.99154 0.99101 0.99039 0.98969
0.40189 0.30041 0.2503 0.24465 0.24423 0.24069 0.23287 0.22234 0.21446 0.21344 0.21898 0.22856 0.23914 0.24807 0.25378 0.25528 0.25185 0.24268 0.22701 0.20433 0.17477 0.14055 0.10967 0.1035 0.13982 0.20538 0.28555 0.37322 0.46401 0.55443 0.64139 0.72206 0.79406 0.85541 0.90485 0.9418 0.96665 0.981 0.98793 0.99094 0.99228 0.99285 0.99303 0.99296 0.99271 0.99234 0.99184 0.99125 0.99059
0.41499 0.31161 0.24493 0.23431 0.23645 0.23533 0.22897 0.21951 0.21236 0.21164 0.21714 0.22647 0.23672 0.2453 0.25066 0.25178 0.24791 0.2382 0.22182 0.19815 0.16716 0.13073 0.096841 0.09036 0.13114 0.20027 0.28252 0.37144 0.46302 0.55397 0.6413 0.7222 0.79437 0.85583 0.90534 0.94233 0.9672 0.98158 0.98852 0.99155 0.9929 0.9935 0.9937 0.99365 0.99343 0.99309 0.99262 0.99206 0.99144
0.41847 0.31749 0.24052 0.22422 0.22818 0.22934 0.22453 0.21633 0.21007 0.2098 0.21537 0.22454 0.23452 0.24279 0.24782 0.24861 0.24435 0.23415 0.21712 0.19256 0.16021 0.12159 0.084315 0.077573 0.12351 0.19608 0.28017 0.37016 0.46241 0.5538 0.64141 0.7225 0.79478 0.85631 0.90587 0.94289 0.96777 0.98214 0.98909 0.99213 0.99349 0.9941 0.99432 0.9943 0.99411 0.99379 0.99336 0.99283 0.99224
0.41091 0.31582 0.23595 0.21444 0.21954 0.22279 0.21963 0.21285 0.20764 0.20795 0.2137 0.22278 0.23254 0.24054 0.2453 0.24578 0.24118 0.23055 0.21296 0.18759 0.154 0.11326 0.072214 0.065292 0.1171 0.19284 0.2785 0.36938 0.46218 0.55391 0.64173 0.72295 0.79531 0.85688 0.90644 0.94346 0.96834 0.98271 0.98965 0.99268 0.99405 0.99467 0.99491 0.99491 0.99474 0.99445 0.99405 0.99355 0.99299
0.39359 0.3067 0.23037 0.20495 0.2106 0.21573 0.21431 0.20911 0.20511 0.20612 0.21214 0.22121 0.2308 0.23858 0.2431 0.24332 0.23842 0.22743 0.20934 0.18328 0.14862 0.10592 0.060744 0.053751 0.1121 0.19058 0.27752 0.3691 0.4623 0.55428 0.64224 0.72354 0.79593 0.8575 0.90706 0.94406 0.96891 0.98326 0.99019 0.99321 0.99459 0.99521 0.99546 0.99548 0.99533 0.99507 0.99469 0.99423 0.9937
0.36968 0.29149 0.22331 0.19568 0.20142 0.20823 0.20865 0.20517 0.20251 0.20434 0.21072 0.21984 0.22932 0.23692 0.24123 0.24123 0.23608 0.22479 0.20631 0.17969 0.14415 0.099763 0.050292 0.04357 0.10866 0.18932 0.27722 0.3693 0.46278 0.55491 0.64295 0.72427 0.79665 0.8582 0.90772 0.94468 0.96949 0.98381 0.99071 0.99372 0.99509 0.99572 0.99597 0.99601 0.99588 0.99564 0.9953 0.99486 0.99436
0.34418 0.27275 0.21469 0.18656 0.19205 0.20036 0.20271 0.2011 0.1999 0.20264 0.20946 0.2187 0.22811 0.23556 0.2397 0.23953 0.23418 0.22266 0.20389 0.17685 0.14065 0.094997 0.04149 0.035831 0.10689 0.18905 0.27757 0.36996 0.4636 0.5558 0.64384 0.72514 0.79747 0.85896 0.90841 0.94531 0.97007 0.98435 0.99122 0.99421 0.99556 0.99619 0.99645 0.9965 0.99639 0.99618 0.99586 0.99545 0.99498
0.32264 0.25344 0.20474 0.17749 0.18249 0.1922 0.19657 0.19695 0.19732 0.20106 0.20839 0.21779 0.22718 0.23453 0.23853 0.23822 0.23274 0.22105 0.20208 0.17478 0.13819 0.091803 0.035625 0.032018 0.10683 0.18974 0.27856 0.37107 0.46475 0.55693 0.64492 0.72613 0.79838 0.85978 0.90914 0.94597 0.97066 0.98488 0.99171 0.99467 0.99601 0.99663 0.9969 0.99695 0.99686 0.99667 0.99637 0.996 0.99556
0.31032 0.23661 0.19392 0.16836 0.17277 0.18381 0.19031 0.1928 0.19481 0.19962 0.20752 0.21714 0.22655 0.23382 0.23773 0.23732 0.23174 0.21997 0.2009 0.1735 0.13681 0.090325 0.034223 0.033568 0.10846 0.19138 0.28016 0.37262 0.46622 0.55829 0.64616 0.72725 0.79938 0.86065 0.90991 0.94664 0.97125 0.9854 0.99218 0.9951 0.99642 0.99704 0.99731 0.99737 0.9973 0.99712 0.99685 0.9965 0.9961
0.30816 0.22409 0.18277 0.1591 0.16288 0.17527 0.18402 0.1887 0.19243 0.19837 0.20688 0.21677 0.22622 0.23345 0.23729 0.23682 0.23121 0.21942 0.20035 0.17302 0.13652 0.090602 0.037283 0.039647 0.11164 0.19389 0.28236 0.37459 0.46798 0.55987 0.64757 0.72849 0.80046 0.86159 0.91071 0.94732 0.97184 0.98592 0.99264 0.99552 0.99682 0.99742 0.99768 0.99776 0.9977 0.99754 0.9973 0.99697 0.99659
0.31452 0.21676 0.17186 0.14962 0.15282 0.16668 0.17778 0.18473 0.19022 0.19732 0.20649 0.21668 0.22621 0.23343 0.23723 0.23674 0.23113 0.21939 0.20044 0.17333 0.13731 0.092598 0.04402 0.048508 0.11622 0.19724 0.2851 0.37695 0.47004 0.56167 0.64914 0.72985 0.80162 0.86257 0.91154 0.94802 0.97243 0.98642 0.99308 0.99592 0.99718 0.99777 0.99803 0.99811 0.99806 0.99792 0.9977 0.9974 0.99705
0.32455 0.21346 0.16162 0.13983 0.14262 0.15812 0.17168 0.18095 0.18823 0.19652 0.20638 0.21689 0.22653 0.23376 0.23755 0.23707 0.23152 0.2199 0.20116 0.17443 0.13915 0.096165 0.053149 0.058962 0.122 0.20135 0.28837 0.37968 0.47238 0.56368 0.65086 0.73131 0.80285 0.86361 0.91241 0.94874 0.97303 0.98692 0.9935 0.99629 0.99752 0.99809 0.99834 0.99842 0.99839 0.99827 0.99807 0.99779 0.99747
0.33285 0.21241 0.15239 0.12965 0.1323 0.14971 0.16581 0.17742 0.18651 0.196 0.20656 0.2174 0.22718 0.23444 0.23824 0.23781 0.23236 0.22092 0.20248 0.17627 0.14197 0.10111 0.063407 0.070134 0.12879 0.20615 0.29213 0.38277 0.47497 0.56588 0.65272 0.73288 0.80416 0.86469 0.9133 0.94947 0.97362 0.98741 0.99391 0.99665 0.99784 0.99838 0.99863 0.99871 0.99868 0.99858 0.9984 0.99815 0.99786
0.3362 0.21179 0.14419 0.11904 0.12193 0.14157 0.16026 0.17421 0.18508 0.19577 0.20704 0.21824 0.22816 0.23547 0.23931 0.23895 0.23365 0.22244 0.20439 0.17883 0.1457 0.10721 0.0743 0.081691 0.1364 0.21158 0.29635 0.3862 0.47782 0.56826 0.65471 0.73454 0.80554 0.86582 0.91421 0.95021 0.97422 0.98789 0.99431 0.99698 0.99813 0.99865 0.99889 0.99897 0.99895 0.99886 0.9987 0.99847 0.99821
0.33267 0.21012 0.13691 0.10792 0.11159 0.13383 0.15514 0.17137 0.184 0.19587 0.20784 0.21941 0.22948 0.23685 0.24075 0.24049 0.23537 0.22445 0.20687 0.18206 0.15025 0.11425 0.08556 0.093457 0.14466 0.21756 0.30098 0.38993 0.4809 0.57082 0.65684 0.7363 0.80698 0.86699 0.91515 0.95096 0.97481 0.98837 0.99469 0.99729 0.9984 0.99889 0.99911 0.99919 0.99918 0.9991 0.99896 0.99876 0.99853
0.3231 0.20707 0.13018 0.096129 0.10146 0.12665 0.15053 0.16897 0.18328 0.1963 0.20897 0.2209 0.23113 0.23858 0.24255 0.24242 0.23751 0.22693 0.20988 0.18592 0.15553 0.12204 0.097028 0.10533 0.15346 0.22403 0.30599 0.39396 0.4842 0.57354 0.65909 0.73815 0.80848 0.8682 0.91612 0.95172 0.97541 0.98883 0.99506 0.99759 0.99865 0.99911 0.99931 0.99939 0.99938 0.99932 0.9992 0.99902 0.99881
0.30946 0.20277 0.12357 0.083587 0.091764 0.12018 0.1465 0.16704 0.18297 0.19709 0.21044 0.22272 0.23312 0.24064 0.24471 0.24472 0.24005 0.22986 0.21339 0.19035 0.16145 0.13042 0.10859 0.11722 0.16266 0.23093 0.31135 0.39826 0.4877 0.57642 0.66145 0.74008 0.81005 0.86945 0.91711 0.95249 0.976 0.98929 0.99541 0.99786 0.99887 0.9993 0.99949 0.99955 0.99955 0.9995 0.9994 0.99924 0.99906
0.2956 0.19799 0.11664 0.070619 0.082846 0.11459 0.14314 0.16563 0.18308 0.19825 0.21224 0.22487 0.23543 0.24305 0.2472 0.24738 0.24298 0.23321 0.21737 0.1953 0.16793 0.13926 0.12018 0.1291 0.17218 0.23819 0.31703 0.40281 0.4914 0.57945 0.66393 0.74209 0.81166 0.87074 0.91811 0.95327 0.9766 0.98974 0.99575 0.99812 0.99907 0.99946 0.99963 0.99969 0.99969 0.99966 0.99957 0.99944 0.99928
0.2855 0.19353 0.10896 0.057381 0.075141 0.11004 0.14051 0.16475 0.18362 0.19979 0.21439 0.22735 0.23807 0.24577 0.25003 0.25039 0.24628 0.23695 0.22179 0.20073 0.17488 0.14845 0.13178 0.14095 0.18194 0.24578 0.32299 0.40758 0.49528 0.58261 0.6665 0.74417 0.81333 0.87205 0.91914 0.95405 0.97719 0.99017 0.99607 0.99836 0.99925 0.99961 0.99976 0.99981 0.99981 0.99978 0.99971 0.9996 0.99947
0.28155 0.18983 0.10035 0.042825 0.069273 0.10666 0.13864 0.16445 0.18461 0.2017 0.21688 0.23015 0.24101 0.2488 0.25318 0.25373 0.24992 0.24107 0.2266 0.20657 0.18224 0.15791 0.14334 0.15273 0.19188 0.25363 0.32921 0.41258 0.49933 0.58591 0.66918 0.74633 0.81505 0.8734 0.92018 0.95484 0.97778 0.9906 0.99638 0.99858 0.99941 0.99973 0.99985 0.99989 0.9999 0.99988 0.99982 0.99973 0.99963
0.28514 0.18705 0.090746 0.02663 0.065874 0.10454 0.13756 0.16471 0.18605 0.20398 0.2197 0.23326 0.24426 0.25214 0.25663 0.25737 0.2539 0.24553 0.23178 0.21278 0.18993 0.16757 0.15485 0.16445 0.20195 0.26171 0.33565 0.41776 0.50353 0.58932 0.67194 0.74855 0.81681 0.87478 0.92124 0.95564 0.97836 0.99102 0.99668 0.99879 0.99955 0.99983 0.99992 0.99996 0.99996 0.99995 0.99991 0.99984 0.99976
0.29411 0.18467 0.080391 0.015161 0.065263 0.10371 0.13726 0.16554 0.18793 0.20664 0.22284 0.23666 0.2478 0.25576 0.26037 0.26132 0.25817 0.25031 0.23728 0.21932 0.19792 0.17738 0.1663 0.17608 0.21212 0.26999 0.34229 0.42312 0.50787 0.59284 0.67479 0.75083 0.81862 0.87619 0.92231 0.95644 0.97894 0.99144 0.99696 0.99897 0.99967 0.9999 0.99997 0.99999 0.99999 0.99999 0.99997 0.99992 0.99986
0.30497 0.18189 0.06982 0.01643 0.067593 0.10413 0.13774 0.16694 0.19025 0.20965 0.2263 0.24036 0.25161 0.25965 0.26438 0.26553 0.26273 0.25538 0.24309 0.22615 0.20613 0.18729 0.17768 0.18762 0.22234 0.27842 0.34911 0.42863 0.51235 0.59647 0.67771 0.75317 0.82046 0.87762 0.9234 0.95724 0.97952 0.99184 0.99723 0.99914 0.99977 0.99996 1 1 1 1 1 0.99997 0.99994
0.31456 0.17806 0.061264 0.028905 0.072497 0.1057 0.13896 0.16888 0.19299 0.21302 0.23006 0.24434 0.25569 0.2638 0.26864 0.27001 0.26755 0.26072 0.24916 0.23323 0.21454 0.19728 0.18898 0.19906 0.2326 0.28698 0.35608 0.43429 0.51694 0.60019 0.68071 0.75556 0.82234 0.87907 0.9245 0.95805 0.9801 0.99223 0.99748 0.9993 0.99986 0.99999 1 1 0.99999 1 1 1 0.99998
0.31991 0.17265 0.057884 0.045608 0.079303 0.10829 0.14087 0.17134 0.19614 0.21671 0.23411 0.24857 0.26001 0.26819 0.27314 0.27473 0.27262 0.2663 0.25547 0.24053 0.22311 0.20731 0.20019 0.21041 0.24286 0.29563 0.36319 0.44008 0.52164 0.604 0.68378 0.758 0.82426 0.88054 0.92561 0.95886 0.98067 0.99262 0.99772 0.99944 0.99992 1 0.99999 0.99996 0.99996 0.99997 0.99999 1 1
0.31955 0.16598 0.061322 0.062841 0.087401 0.11171 0.1434 0.17429 0.19968 0.22073 0.23844 0.25306 0.26457 0.2728 0.27787 0.27966 0.27791 0.2721 0.26199 0.24801 0.23181 0.21736 0.21131 0.22165 0.25312 0.30437 0.3704 0.44598 0.52644 0.60789 0.6869 0.76048 0.8262 0.88204 0.92672 0.95967 0.98124 0.99299 0.99795 0.99956 0.99997 1 0.99995 0.99991 0.9999 0.99992 0.99995 0.99997 1
0.31343 0.15915 0.07169 0.080248 0.096239 0.11579 0.1465 0.1777 0.20359 0.22505 0.24302 0.25778 0.26934 0.27763 0.2828 0.28481 0.2834 0.27811 0.26869 0.25565 0.2406 0.22741 0.22233 0.23278 0.26336 0.31317 0.37772 0.45198 0.53133 0.61185 0.69008 0.76301 0.82817 0.88355 0.92785 0.96049 0.9818 0.99336 0.99817 0.99967 0.99999 0.99997 0.99989 0.99983 0.99981 0.99984 0.99988 0.99993 0.99998
0.30273 0.15395 0.088241 0.097589 0.10535 0.12036 0.15009 0.18153 0.20784 0.22965 0.24785 0.26271 0.27432 0.28265 0.28792 0.29014 0.28907 0.28429 0.27556 0.26342 0.24947 0.23745 0.23326 0.24381 0.27356 0.322 0.38511 0.45806 0.5363 0.61588 0.69332 0.76557 0.83017 0.88507 0.92898 0.9613 0.98235 0.99371 0.99837 0.99976 1 0.99993 0.99981 0.99974 0.99971 0.99974 0.99979 0.99986 0.99994
0.29087 0.15337 0.10868 0.11456 0.11444 0.12528 0.15413 0.18576 0.21242 0.23452 0.2529 0.26785 0.27949 0.28784 0.29322 0.29564 0.29491 0.29062 0.28258 0.2713 0.2584 0.24746 0.24408 0.25473 0.28371 0.33086 0.39256 0.46422 0.54134 0.61996 0.6966 0.76817 0.83219 0.88661 0.93012 0.96211 0.9829 0.99406 0.99856 0.99983 1 0.99987 0.99972 0.99962 0.99959 0.99962 0.99968 0.99976 0.99987
0.28137 0.15999 0.13078 0.13087 0.12323 0.13041 0.15855 0.19035 0.21729 0.23963 0.25816 0.27317 0.28482 0.29321 0.29867 0.3013 0.30091 0.2971 0.28971 0.27928 0.26736 0.25744 0.2548 0.26554 0.29381 0.33973 0.40006 0.47045 0.54644 0.6241 0.69992 0.7708 0.83423 0.88816 0.93126 0.96292 0.98345 0.99439 0.99874 0.99989 0.99998 0.99979 0.9996 0.99948 0.99944 0.99948 0.99955 0.99965 0.99977
0.27689 0.17367 0.15353 0.1463 0.13158 0.13566 0.16331 0.19526 0.22243 0.24496 0.26361 0.27866 0.29032 0.29872 0.30428 0.3071 0.30703 0.30371 0.29696 0.28733 0.27635 0.26738 0.26542 0.27623 0.30384 0.3486 0.40761 0.47672 0.5516 0.62829 0.70328 0.77345 0.8363 0.88972 0.93241 0.96373 0.98398 0.99472 0.99891 0.99994 0.99994 0.99969 0.99947 0.99933 0.99928 0.99932 0.9994 0.99951 0.99966
0.27987 0.19346 0.17624 0.16066 0.13936 0.14099 0.16836 0.20048 0.22783 0.25051 0.26923 0.28431 0.29596 0.30437 0.31001 0.31302 0.31328 0.31042 0.30429 0.29543 0.28534 0.27726 0.27594 0.28681 0.3138 0.35745 0.41518 0.48305 0.5568 0.63252 0.70667 0.77613 0.83837 0.89129 0.93356 0.96453 0.98452 0.99504 0.99906 0.99998 0.99989 0.99958 0.99932 0.99915 0.9991 0.99914 0.99923 0.99936 0.99953
0.29271 0.21842 0.19825 0.17375 0.14644 0.14631 0.17368 0.20597 0.23346 0.25624 0.27502 0.2901 0.30173 0.31015 0.31587 0.31906 0.31964 0.31723 0.3117 0.30358 0.29434 0.28708 0.28634 0.29728 0.32369 0.36629 0.42276 0.48941 0.56205 0.63679 0.7101 0.77884 0.84046 0.89287 0.93471 0.96534 0.98504 0.99534 0.9992 0.99999 0.99982 0.99945 0.99915 0.99896 0.9989 0.99894 0.99904 0.99918 0.99937
